      0.001250        1.000000        1.000000        0.000000        1.500000
      0.003750        1.000000        1.000000        0.000000        1.500000
      0.006250        1.000000        1.000000        0.000000        1.500000
      0.008750        1.000000        1.000000        0.000000        1.500000
      0.011250        1.000000        1.000000        0.000000        1.500000
      0.013750        1.000000        1.000000        0.000000        1.500000
      0.016250        1.000000        1.000000        0.000000        1.500000
      0.018750        1.000000        1.000000        0.000000        1.500000
      0.021250        1.000000        1.000000        0.000000        1.500000
      0.023750        1.000000        1.000000        0.000000        1.500000
      0.026250        1.000000        1.000000        0.000000        1.500000
      0.028750        1.000000        1.000000        0.000000        1.500000
      0.031250        1.000000        1.000000        0.000000        1.500000
      0.033750        1.000000        1.000000        0.000000        1.500000
      0.036250        1.000000        1.000000        0.000000        1.500000
      0.038750        1.000000        1.000000        0.000000        1.500000
      0.041250        1.000000        1.000000        0.000000        1.500000
      0.043750        1.000000        1.000000        0.000000        1.500000
      0.046250        1.000000        1.000000        0.000000        1.500000
      0.048750        1.000000        1.000000        0.000000        1.500000
      0.051250        1.000000        1.000000        0.000000        1.500000
      0.053750        1.000000        1.000000        0.000000        1.500000
      0.056250        1.000000        1.000000        0.000000        1.500000
      0.058750        1.000000        1.000000        0.000000        1.500000
      0.061250        1.000000        1.000000        0.000000        1.500000
      0.063750        1.000000        1.000000        0.000000        1.500000
      0.066250        1.000000        1.000000        0.000000        1.500000
      0.068750        1.000000        1.000000        0.000000        1.500000
      0.071250        1.000000        1.000000        0.000000        1.500000
      0.073750        1.000000        1.000000        0.000000        1.500000
      0.076250        1.000000        1.000000        0.000000        1.500000
      0.078750        1.000000        1.000000        0.000000        1.500000
      0.081250        1.000000        1.000000        0.000000        1.500000
      0.083750        1.000000        1.000000        0.000000        1.500000
      0.086250        1.000000        1.000000        0.000000        1.500000
      0.088750        1.000000        1.000000        0.000000        1.500000
      0.091250        1.000000        1.000000        0.000000        1.500000
      0.093750        1.000000        1.000000        0.000000        1.500000
      0.096250        1.000000        1.000000        0.000000        1.500000
      0.098750        1.000000        1.000000        0.000000        1.500000
      0.101250        1.000000        1.000000        0.000000        1.500000
      0.103750        1.000000        1.000000        0.000000        1.500000
      0.106250        1.000000        1.000000        0.000000        1.500000
      0.108750        1.000000        1.000000        0.000000        1.500000
      0.111250        1.000000        1.000000        0.000000        1.500000
      0.113750        1.000000        1.000000        0.000000        1.500000
      0.116250        1.000000        1.000000        0.000000        1.500000
      0.118750        1.000000        1.000000        0.000000        1.500000
      0.121250        1.000000        1.000000        0.000000        1.500000
      0.123750        1.000000        1.000000        0.000000        1.500000
      0.126250        1.000000        1.000000        0.000000        1.500000
      0.128750        1.000000        1.000000        0.000000        1.500000
      0.131250        1.000000        1.000000        0.000000        1.500000
      0.133750        1.000000        1.000000        0.000000        1.500000
      0.136250        1.000000        1.000000        0.000000        1.500000
      0.138750        1.000000        1.000000        0.000000        1.500000
      0.141250        1.000000        1.000000        0.000000        1.500000
      0.143750        1.000000        1.000000        0.000000        1.500000
      0.146250        1.000000        1.000000        0.000000        1.500000
      0.148750        1.000000        1.000000        0.000000        1.500000
      0.151250        1.000000        1.000000        0.000000        1.500000
      0.153750        1.000000        1.000000        0.000000        1.500000
      0.156250        1.000000        1.000000        0.000000        1.500000
      0.158750        1.000000        1.000000        0.000000        1.500000
      0.161250        1.000000        1.000000        0.000000        1.500000
      0.163750        1.000000        1.000000        0.000000        1.500000
      0.166250        1.000000        1.000000        0.000000        1.500000
      0.168750        1.000000        1.000000        0.000000        1.500000
      0.171250        1.000000        1.000000        0.000000        1.500000
      0.173750        1.000000        1.000000        0.000000        1.500000
      0.176250        1.000000        1.000000        0.000000        1.500000
      0.178750        1.000000        1.000000        0.000000        1.500000
      0.181250        1.000000        1.000000        0.000000        1.500000
      0.183750        1.000000        1.000000        0.000000        1.500000
      0.186250        1.000000        1.000000        0.000000        1.500000
      0.188750        1.000000        1.000000        0.000000        1.500000
      0.191250        1.000000        1.000000        0.000000        1.500000
      0.193750        1.000000        1.000000        0.000000        1.500000
      0.196250        1.000000        1.000000        0.000000        1.500000
      0.198750        1.000000        1.000000        0.000000        1.500000
      0.201250        1.000000        1.000000        0.000000        1.500000
      0.203750        1.000000        1.000000        0.000000        1.500000
      0.206250        1.000000        1.000000        0.000000        1.500000
      0.208750        1.000000        1.000000        0.000000        1.500000
      0.211250        1.000000        1.000000        0.000000        1.500000
      0.213750        1.000000        1.000000        0.000000        1.500000
      0.216250        1.000000        1.000000        0.000000        1.500000
      0.218750        1.000000        1.000000        0.000000        1.500000
      0.221250        1.000000        1.000000        0.000000        1.500000
      0.223750        1.000000        1.000000        0.000000        1.500000
      0.226250        1.000000        1.000000        0.000000        1.500000
      0.228750        1.000000        1.000000        0.000000        1.500000
      0.231250        1.000000        1.000000        0.000000        1.500000
      0.233750        1.000000        1.000000        0.000000        1.500000
      0.236250        1.000000        1.000000        0.000000        1.500000
      0.238750        1.000000        1.000000        0.000000        1.500000
      0.241250        1.000000        1.000000        0.000000        1.500000
      0.243750        0.994350        0.990601        0.007308        1.494345
      0.246250        0.987133        0.978647        0.016683        1.487105
      0.248750        0.979951        0.966809        0.026058        1.479884
      0.251250        0.972804        0.955086        0.035433        1.472679
      0.253750        0.965692        0.943476        0.044808        1.465492
      0.256250        0.958614        0.931980        0.054183        1.458323
      0.258750        0.951572        0.920596        0.063558        1.451172
      0.261250        0.944564        0.909324        0.072933        1.444038
      0.263750        0.937590        0.898162        0.082308        1.436922
      0.266250        0.930651        0.887111        0.091683        1.429824
      0.268750        0.923746        0.876168        0.101058        1.422742
      0.271250        0.916875        0.865333        0.110433        1.415679
      0.273750        0.910038        0.854606        0.119808        1.408633
      0.276250        0.903236        0.843986        0.129183        1.401604
      0.278750        0.896467        0.833472        0.138558        1.394593
      0.281250        0.889733        0.823062        0.147933        1.387600
      0.283750        0.883032        0.812757        0.157308        1.380624
      0.286250        0.876365        0.802555        0.166683        1.373666
      0.288750        0.869731        0.792456        0.176058        1.366726
      0.291250        0.863131        0.782459        0.185433        1.359803
      0.293750        0.856565        0.772563        0.194808        1.352897
      0.296250        0.850032        0.762768        0.204183        1.346010
      0.298750        0.843533        0.753072        0.213558        1.339140
      0.301250        0.837066        0.743475        0.222933        1.332287
      0.303750        0.830633        0.733976        0.232308        1.325452
      0.306250        0.824232        0.724574        0.241683        1.318634
      0.308750        0.817865        0.715269        0.251058        1.311834
      0.311250        0.811530        0.706059        0.260433        1.305052
      0.313750        0.805229        0.696946        0.269808        1.298287
      0.316250        0.798960        0.687926        0.279183        1.291540
      0.318750        0.792723        0.679000        0.288558        1.284810
      0.321250        0.786520        0.670166        0.297933        1.278098
      0.323750        0.780348        0.661426        0.307308        1.271404
      0.326250        0.774209        0.652776        0.316683        1.264727
      0.328750        0.768102        0.644217        0.326058        1.258068
      0.331250        0.762028        0.635748        0.335433        1.251426
      0.333750        0.755986        0.627369        0.344808        1.244802
      0.336250        0.749975        0.619078        0.354183        1.238196
      0.338750        0.743997        0.610874        0.363558        1.231607
      0.341250        0.738050        0.602758        0.372933        1.225035
      0.343750        0.732135        0.594729        0.382308        1.218481
      0.346250        0.726252        0.586785        0.391683        1.211945
      0.348750        0.720401        0.578927        0.401058        1.205427
      0.351250        0.714581        0.571153        0.410433        1.198926
      0.353750        0.708792        0.563462        0.419808        1.192442
      0.356250        0.703035        0.555855        0.429183        1.185976
      0.358750        0.697309        0.548330        0.438558        1.179528
      0.361250        0.691614        0.540887        0.447933        1.173097
      0.363750        0.685951        0.533525        0.457308        1.166684
      0.366250        0.680318        0.526243        0.466683        1.160288
      0.368750        0.674716        0.519041        0.476058        1.153910
      0.371250        0.669145        0.511918        0.485433        1.147550
      0.373750        0.663605        0.504874        0.494808        1.141207
      0.376250        0.658095        0.497907        0.504183        1.134882
      0.378750        0.652617        0.491017        0.513558        1.128574
      0.381250        0.647168        0.484204        0.522933        1.122284
      0.383750        0.641750        0.477467        0.532308        1.116011
      0.386250        0.636362        0.470805        0.541683        1.109756
      0.388750        0.631005        0.464217        0.551058        1.103519
      0.391250        0.625677        0.457703        0.560433        1.097299
      0.393750        0.620380        0.451263        0.569808        1.091097
      0.396250        0.615113        0.444896        0.579183        1.084912
      0.398750        0.609876        0.438600        0.588558        1.078745
      0.401250        0.604668        0.432376        0.597933        1.072596
      0.403750        0.599490        0.426223        0.607308        1.066463
      0.406250        0.594342        0.420140        0.616683        1.060349
      0.408750        0.589223        0.414127        0.626058        1.054252
      0.411250        0.584134        0.408182        0.635433        1.048173
      0.413750        0.579075        0.402307        0.644808        1.042112
      0.416250        0.574044        0.396499        0.654183        1.036068
      0.418750        0.569043        0.390758        0.663558        1.030041
      0.421250        0.564071        0.385084        0.672933        1.024032
      0.423750        0.559127        0.379476        0.682308        1.018041
      0.426250        0.554214        0.373934        0.691683        1.012067
      0.428750        0.549328        0.368457        0.701058        1.006111
      0.431250        0.544472        0.363044        0.710433        1.000172
      0.433750        0.539644        0.357695        0.719808        0.994252
      0.436250        0.534845        0.352409        0.729183        0.988348
      0.438750        0.530074        0.347185        0.738558        0.982462
      0.441250        0.525332        0.342024        0.747933        0.976594
      0.443750        0.520618        0.336925        0.757308        0.970743
      0.446250        0.515933        0.331886        0.766683        0.964910
      0.448750        0.511276        0.326908        0.776058        0.959095
      0.451250        0.506647        0.321990        0.785433        0.953297
      0.453750        0.502046        0.317131        0.794808        0.947516
      0.456250        0.497473        0.312331        0.804183        0.941754
      0.458750        0.492927        0.307589        0.813558        0.936008
      0.461250        0.488410        0.302905        0.822933        0.930281
      0.463750        0.483920        0.298279        0.832308        0.924571
      0.466250        0.479689        0.293945        0.841195        0.919174
      0.468750        0.479689        0.293945        0.841195        0.919174
      0.471250        0.479689        0.293945        0.841195        0.919174
      0.473750        0.479689        0.293945        0.841195        0.919174
      0.476250        0.479689        0.293945        0.841195        0.919174
      0.478750        0.479689        0.293945        0.841195        0.919174
      0.481250        0.479689        0.293945        0.841195        0.919174
      0.483750        0.479689        0.293945        0.841195        0.919174
      0.486250        0.479689        0.293945        0.841195        0.919174
      0.488750        0.479689        0.293945        0.841195        0.919174
      0.491250        0.479689        0.293945        0.841195        0.919174
      0.493750        0.479689        0.293945        0.841195        0.919174
      0.496250        0.479689        0.293945        0.841195        0.919174
      0.498750        0.479689        0.293945        0.841195        0.919174
      0.501250        0.479689        0.293945        0.841195        0.919174
      0.503750        0.479689        0.293945        0.841195        0.919174
      0.506250        0.479689        0.293945        0.841195        0.919174
      0.508750        0.479689        0.293945        0.841195        0.919174
      0.511250        0.479689        0.293945        0.841195        0.919174
      0.513750        0.479689        0.293945        0.841195        0.919174
      0.516250        0.479689        0.293945        0.841195        0.919174
      0.518750        0.479689        0.293945        0.841195        0.919174
      0.521250        0.479689        0.293945        0.841195        0.919174
      0.523750        0.479689        0.293945        0.841195        0.919174
      0.526250        0.479689        0.293945        0.841195        0.919174
      0.528750        0.479689        0.293945        0.841195        0.919174
      0.531250        0.479689        0.293945        0.841195        0.919174
      0.533750        0.479689        0.293945        0.841195        0.919174
      0.536250        0.479689        0.293945        0.841195        0.919174
      0.538750        0.479689        0.293945        0.841195        0.919174
      0.541250        0.479689        0.293945        0.841195        0.919174
      0.543750        0.479689        0.293945        0.841195        0.919174
      0.546250        0.479689        0.293945        0.841195        0.919174
      0.548750        0.479689        0.293945        0.841195        0.919174
      0.551250        0.479689        0.293945        0.841195        0.919174
      0.553750        0.479689        0.293945        0.841195        0.919174
      0.556250        0.479689        0.293945        0.841195        0.919174
      0.558750        0.479689        0.293945        0.841195        0.919174
      0.561250        0.479689        0.293945        0.841195        0.919174
      0.563750        0.479689        0.293945        0.841195        0.919174
      0.566250        0.479689        0.293945        0.841195        0.919174
      0.568750        0.479689        0.293945        0.841195        0.919174
      0.571250        0.479689        0.293945        0.841195        0.919174
      0.573750        0.479689        0.293945        0.841195        0.919174
      0.576250        0.479689        0.293945        0.841195        0.919174
      0.578750        0.479689        0.293945        0.841195        0.919174
      0.581250        0.479689        0.293945        0.841195        0.919174
      0.583750        0.479689        0.293945        0.841195        0.919174
      0.586250        0.479689        0.293945        0.841195        0.919174
      0.588750        0.479689        0.293945        0.841195        0.919174
      0.591250        0.479689        0.293945        0.841195        0.919174
      0.593750        0.479689        0.293945        0.841195        0.919174
      0.596250        0.479689        0.293945        0.841195        0.919174
      0.598750        0.479689        0.293945        0.841195        0.919174
      0.601250        0.479689        0.293945        0.841195        0.919174
      0.603750        0.479689        0.293945        0.841195        0.919174
      0.606250        0.479689        0.293945        0.841195        0.919174
      0.608750        0.479689        0.293945        0.841195        0.919174
      0.611250        0.479689        0.293945        0.841195        0.919174
      0.613750        0.479689        0.293945        0.841195        0.919174
      0.616250        0.479689        0.293945        0.841195        0.919174
      0.618750        0.479689        0.293945        0.841195        0.919174
      0.621250        0.479689        0.293945        0.841195        0.919174
      0.623750        0.479689        0.293945        0.841195        0.919174
      0.626250        0.479689        0.293945        0.841195        0.919174
      0.628750        0.479689        0.293945        0.841195        0.919174
      0.631250        0.479689        0.293945        0.841195        0.919174
      0.633750        0.479689        0.293945        0.841195        0.919174
      0.636250        0.479689        0.293945        0.841195        0.919174
      0.638750        0.479689        0.293945        0.841195        0.919174
      0.641250        0.479689        0.293945        0.841195        0.919174
      0.643750        0.479689        0.293945        0.841195        0.919174
      0.646250        0.479689        0.293945        0.841195        0.919174
      0.648750        0.479689        0.293945        0.841195        0.919174
      0.651250        0.479689        0.293945        0.841195        0.919174
      0.653750        0.479689        0.293945        0.841195        0.919174
      0.656250        0.479689        0.293945        0.841195        0.919174
      0.658750        0.479689        0.293945        0.841195        0.919174
      0.661250        0.479689        0.293945        0.841195        0.919174
      0.663750        0.479689        0.293945        0.841195        0.919174
      0.666250        0.479689        0.293945        0.841195        0.919174
      0.668750        0.229806        0.293945        0.841195        1.918654
      0.671250        0.229806        0.293945        0.841195        1.918654
      0.673750        0.229806        0.293945        0.841195        1.918654
      0.676250        0.229806        0.293945        0.841195        1.918654
      0.678750        0.229806        0.293945        0.841195        1.918654
      0.681250        0.229806        0.293945        0.841195        1.918654
      0.683750        0.229806        0.293945        0.841195        1.918654
      0.686250        0.229806        0.293945        0.841195        1.918654
      0.688750        0.229806        0.293945        0.841195        1.918654
      0.691250        0.229806        0.293945        0.841195        1.918654
      0.693750        0.229806        0.293945        0.841195        1.918654
      0.696250        0.229806        0.293945        0.841195        1.918654
      0.698750        0.229806        0.293945        0.841195        1.918654
      0.701250        0.229806        0.293945        0.841195        1.918654
      0.703750        0.229806        0.293945        0.841195        1.918654
      0.706250        0.229806        0.293945        0.841195        1.918654
      0.708750        0.229806        0.293945        0.841195        1.918654
      0.711250        0.229806        0.293945        0.841195        1.918654
      0.713750        0.229806        0.293945        0.841195        1.918654
      0.716250        0.229806        0.293945        0.841195        1.918654
      0.718750        0.229806        0.293945        0.841195        1.918654
      0.721250        0.229806        0.293945        0.841195        1.918654
      0.723750        0.229806        0.293945        0.841195        1.918654
      0.726250        0.229806        0.293945        0.841195        1.918654
      0.728750        0.229806        0.293945        0.841195        1.918654
      0.731250        0.229806        0.293945        0.841195        1.918654
      0.733750        0.229806        0.293945        0.841195        1.918654
      0.736250        0.229806        0.293945        0.841195        1.918654
      0.738750        0.229806        0.293945        0.841195        1.918654
      0.741250        0.229806        0.293945        0.841195        1.918654
      0.743750        0.229806        0.293945        0.841195        1.918654
      0.746250        0.229806        0.293945        0.841195        1.918654
      0.748750        0.229806        0.293945        0.841195        1.918654
      0.751250        0.229806        0.293945        0.841195        1.918654
      0.753750        0.229806        0.293945        0.841195        1.918654
      0.756250        0.229806        0.293945        0.841195        1.918654
      0.758750        0.229806        0.293945        0.841195        1.918654
      0.761250        0.229806        0.293945        0.841195        1.918654
      0.763750        0.229806        0.293945        0.841195        1.918654
      0.766250        0.229806        0.293945        0.841195        1.918654
      0.768750        0.229806        0.293945        0.841195        1.918654
      0.771250        0.229806        0.293945        0.841195        1.918654
      0.773750        0.229806        0.293945        0.841195        1.918654
      0.776250        0.229806        0.293945        0.841195        1.918654
      0.778750        0.229806        0.293945        0.841195        1.918654
      0.781250        0.229806        0.293945        0.841195        1.918654
      0.783750        0.229806        0.293945        0.841195        1.918654
      0.786250        0.229806        0.293945        0.841195        1.918654
      0.788750        0.229806        0.293945        0.841195        1.918654
      0.791250        0.229806        0.293945        0.841195        1.918654
      0.793750        0.229806        0.293945        0.841195        1.918654
      0.796250        0.229806        0.293945        0.841195        1.918654
      0.798750        0.229806        0.293945        0.841195        1.918654
      0.801250        0.229806        0.293945        0.841195        1.918654
      0.803750        0.229806        0.293945        0.841195        1.918654
      0.806250        0.229806        0.293945        0.841195        1.918654
      0.808750        0.229806        0.293945        0.841195        1.918654
      0.811250        0.229806        0.293945        0.841195        1.918654
      0.813750        0.229806        0.293945        0.841195        1.918654
      0.816250        0.229806        0.293945        0.841195        1.918654
      0.818750        0.229806        0.293945        0.841195        1.918654
      0.821250        0.229806        0.293945        0.841195        1.918654
      0.823750        0.229806        0.293945        0.841195        1.918654
      0.826250        0.229806        0.293945        0.841195        1.918654
      0.828750        0.229806        0.293945        0.841195        1.918654
      0.831250        0.229806        0.293945        0.841195        1.918654
      0.833750        0.229806        0.293945        0.841195        1.918654
      0.836250        0.229806        0.293945        0.841195        1.918654
      0.838750        0.229806        0.293945        0.841195        1.918654
      0.841250        0.229806        0.293945        0.841195        1.918654
      0.843750        0.229806        0.293945        0.841195        1.918654
      0.846250        0.229806        0.293945        0.841195        1.918654
      0.848750        0.229806        0.293945        0.841195        1.918654
      0.851250        0.229806        0.293945        0.841195        1.918654
      0.853750        0.229806        0.293945        0.841195        1.918654
      0.856250        0.229806        0.293945        0.841195        1.918654
      0.858750        0.229806        0.293945        0.841195        1.918654
      0.861250        0.229806        0.293945        0.841195        1.918654
      0.863750        0.229806        0.293945        0.841195        1.918654
      0.866250        0.229806        0.293945        0.841195        1.918654
      0.868750        0.229806        0.293945        0.841195        1.918654
      0.871250        0.125000        0.100000        0.000000        1.200000
      0.873750        0.125000        0.100000        0.000000        1.200000
      0.876250        0.125000        0.100000        0.000000        1.200000
      0.878750        0.125000        0.100000        0.000000        1.200000
      0.881250        0.125000        0.100000        0.000000        1.200000
      0.883750        0.125000        0.100000        0.000000        1.200000
      0.886250        0.125000        0.100000        0.000000        1.200000
      0.888750        0.125000        0.100000        0.000000        1.200000
      0.891250        0.125000        0.100000        0.000000        1.200000
      0.893750        0.125000        0.100000        0.000000        1.200000
      0.896250        0.125000        0.100000        0.000000        1.200000
      0.898750        0.125000        0.100000        0.000000        1.200000
      0.901250        0.125000        0.100000        0.000000        1.200000
      0.903750        0.125000        0.100000        0.000000        1.200000
      0.906250        0.125000        0.100000        0.000000        1.200000
      0.908750        0.125000        0.100000        0.000000        1.200000
      0.911250        0.125000        0.100000        0.000000        1.200000
      0.913750        0.125000        0.100000        0.000000        1.200000
      0.916250        0.125000        0.100000        0.000000        1.200000
      0.918750        0.125000        0.100000        0.000000        1.200000
      0.921250        0.125000        0.100000        0.000000        1.200000
      0.923750        0.125000        0.100000        0.000000        1.200000
      0.926250        0.125000        0.100000        0.000000        1.200000
      0.928750        0.125000        0.100000        0.000000        1.200000
      0.931250        0.125000        0.100000        0.000000        1.200000
      0.933750        0.125000        0.100000        0.000000        1.200000
      0.936250        0.125000        0.100000        0.000000        1.200000
      0.938750        0.125000        0.100000        0.000000        1.200000
      0.941250        0.125000        0.100000        0.000000        1.200000
      0.943750        0.125000        0.100000        0.000000        1.200000
      0.946250        0.125000        0.100000        0.000000        1.200000
      0.948750        0.125000        0.100000        0.000000        1.200000
      0.951250        0.125000        0.100000        0.000000        1.200000
      0.953750        0.125000        0.100000        0.000000        1.200000
      0.956250        0.125000        0.100000        0.000000        1.200000
      0.958750        0.125000        0.100000        0.000000        1.200000
      0.961250        0.125000        0.100000        0.000000        1.200000
      0.963750        0.125000        0.100000        0.000000        1.200000
      0.966250        0.125000        0.100000        0.000000        1.200000
      0.968750        0.125000        0.100000        0.000000        1.200000
      0.971250        0.125000        0.100000        0.000000        1.200000
      0.973750        0.125000        0.100000        0.000000        1.200000
      0.976250        0.125000        0.100000        0.000000        1.200000
      0.978750        0.125000        0.100000        0.000000        1.200000
      0.981250        0.125000        0.100000        0.000000        1.200000
      0.983750        0.125000        0.100000        0.000000        1.200000
      0.986250        0.125000        0.100000        0.000000        1.200000
      0.988750        0.125000        0.100000        0.000000        1.200000
      0.991250        0.125000        0.100000        0.000000        1.200000
      0.993750        0.125000        0.100000        0.000000        1.200000
      0.996250        0.125000        0.100000        0.000000        1.200000
      0.998750        0.125000        0.100000        0.000000        1.200000
