###############PARAM###############
5.200008e+03 
101 
3 
###################################
3.000000e-01 0.000000e+00 8.998852e+00 1.838777e+01 -1.059753e+00 0.000000e+00 0.000000e+00
3.000000e-01 7.853982e-01 8.998852e+00 1.838777e+01 -1.059753e+00 0.000000e+00 0.000000e+00
3.000000e-01 1.570796e+00 8.998852e+00 1.838777e+01 -1.059753e+00 0.000000e+00 0.000000e+00
3.970000e-01 0.000000e+00 6.569857e+00 9.525776e+00 -3.372921e-01 0.000000e+00 0.000000e+00
3.970000e-01 7.853982e-01 6.569857e+00 9.525776e+00 -3.372921e-01 0.000000e+00 0.000000e+00
3.970000e-01 1.570796e+00 6.569857e+00 9.525776e+00 -3.372921e-01 0.000000e+00 0.000000e+00
4.940000e-01 0.000000e+00 5.449538e+00 6.039909e+00 -3.519676e-01 0.000000e+00 0.000000e+00
4.940000e-01 7.853982e-01 5.449538e+00 6.039909e+00 -3.519676e-01 0.000000e+00 0.000000e+00
4.940000e-01 1.570796e+00 5.449538e+00 6.039909e+00 -3.519676e-01 0.000000e+00 0.000000e+00
5.910000e-01 0.000000e+00 4.074136e+00 4.367084e+00 -3.290668e-01 0.000000e+00 0.000000e+00
5.910000e-01 7.853982e-01 4.074136e+00 4.367084e+00 -3.290668e-01 0.000000e+00 0.000000e+00
5.910000e-01 1.570796e+00 4.074136e+00 4.367084e+00 -3.290668e-01 0.000000e+00 0.000000e+00
6.880000e-01 0.000000e+00 3.160777e+00 3.505618e+00 -2.949851e-01 0.000000e+00 0.000000e+00
6.880000e-01 7.853982e-01 3.160777e+00 3.505618e+00 -2.949851e-01 0.000000e+00 0.000000e+00
6.880000e-01 1.570796e+00 3.160777e+00 3.505618e+00 -2.949851e-01 0.000000e+00 0.000000e+00
7.850000e-01 0.000000e+00 2.727298e+00 2.990945e+00 -2.601668e-01 0.000000e+00 0.000000e+00
7.850000e-01 7.853982e-01 2.727298e+00 2.990945e+00 -2.601668e-01 0.000000e+00 0.000000e+00
7.850000e-01 1.570796e+00 2.727298e+00 2.990945e+00 -2.601668e-01 0.000000e+00 0.000000e+00
8.820000e-01 0.000000e+00 2.518483e+00 2.637212e+00 -2.287456e-01 0.000000e+00 0.000000e+00
8.820000e-01 7.853982e-01 2.518483e+00 2.637212e+00 -2.287456e-01 0.000000e+00 0.000000e+00
8.820000e-01 1.570796e+00 2.518483e+00 2.637212e+00 -2.287456e-01 0.000000e+00 0.000000e+00
9.790000e-01 0.000000e+00 2.367231e+00 2.373776e+00 -2.016821e-01 0.000000e+00 0.000000e+00
9.790000e-01 7.853982e-01 2.367231e+00 2.373776e+00 -2.016821e-01 0.000000e+00 0.000000e+00
9.790000e-01 1.570796e+00 2.367231e+00 2.373776e+00 -2.016821e-01 0.000000e+00 0.000000e+00
1.076000e+00 0.000000e+00 2.225649e+00 2.170611e+00 -1.787845e-01 0.000000e+00 0.000000e+00
1.076000e+00 7.853982e-01 2.225649e+00 2.170611e+00 -1.787845e-01 0.000000e+00 0.000000e+00
1.076000e+00 1.570796e+00 2.225649e+00 2.170611e+00 -1.787845e-01 0.000000e+00 0.000000e+00
1.173000e+00 0.000000e+00 2.096722e+00 2.010618e+00 -1.594301e-01 0.000000e+00 0.000000e+00
1.173000e+00 7.853982e-01 2.096722e+00 2.010618e+00 -1.594301e-01 0.000000e+00 0.000000e+00
1.173000e+00 1.570796e+00 2.096722e+00 2.010618e+00 -1.594301e-01 0.000000e+00 0.000000e+00
1.270000e+00 0.000000e+00 1.988132e+00 1.882099e+00 -1.429845e-01 0.000000e+00 0.000000e+00
1.270000e+00 7.853982e-01 1.988132e+00 1.882099e+00 -1.429845e-01 0.000000e+00 0.000000e+00
1.270000e+00 1.570796e+00 1.988132e+00 1.882099e+00 -1.429845e-01 0.000000e+00 0.000000e+00
1.367000e+00 0.000000e+00 1.900229e+00 1.776779e+00 -1.289136e-01 0.000000e+00 0.000000e+00
1.367000e+00 7.853982e-01 1.900229e+00 1.776779e+00 -1.289136e-01 0.000000e+00 0.000000e+00
1.367000e+00 1.570796e+00 1.900229e+00 1.776779e+00 -1.289136e-01 0.000000e+00 0.000000e+00
1.464000e+00 0.000000e+00 1.828701e+00 1.688894e+00 -1.167919e-01 0.000000e+00 0.000000e+00
1.464000e+00 7.853982e-01 1.828701e+00 1.688894e+00 -1.167919e-01 0.000000e+00 0.000000e+00
1.464000e+00 1.570796e+00 1.828701e+00 1.688894e+00 -1.167919e-01 0.000000e+00 0.000000e+00
1.561000e+00 0.000000e+00 1.768730e+00 1.614442e+00 -1.062822e-01 0.000000e+00 0.000000e+00
1.561000e+00 7.853982e-01 1.768730e+00 1.614442e+00 -1.062822e-01 0.000000e+00 0.000000e+00
1.561000e+00 1.570796e+00 1.768730e+00 1.614442e+00 -1.062822e-01 0.000000e+00 0.000000e+00
1.658000e+00 0.000000e+00 1.716867e+00 1.550588e+00 -9.711580e-02 0.000000e+00 0.000000e+00
1.658000e+00 7.853982e-01 1.716867e+00 1.550588e+00 -9.711580e-02 0.000000e+00 0.000000e+00
1.658000e+00 1.570796e+00 1.716867e+00 1.550588e+00 -9.711580e-02 0.000000e+00 0.000000e+00
1.755000e+00 0.000000e+00 1.671126e+00 1.495264e+00 -8.907619e-02 0.000000e+00 0.000000e+00
1.755000e+00 7.853982e-01 1.671126e+00 1.495264e+00 -8.907619e-02 0.000000e+00 0.000000e+00
1.755000e+00 1.570796e+00 1.671126e+00 1.495264e+00 -8.907619e-02 0.000000e+00 0.000000e+00
1.852000e+00 0.000000e+00 1.630431e+00 1.446905e+00 -8.198796e-02 0.000000e+00 0.000000e+00
1.852000e+00 7.853982e-01 1.630431e+00 1.446905e+00 -8.198796e-02 0.000000e+00 0.000000e+00
1.852000e+00 1.570796e+00 1.630431e+00 1.446905e+00 -8.198796e-02 0.000000e+00 0.000000e+00
1.949000e+00 0.000000e+00 1.594113e+00 1.404302e+00 -7.570794e-02 0.000000e+00 0.000000e+00
1.949000e+00 7.853982e-01 1.594113e+00 1.404302e+00 -7.570794e-02 0.000000e+00 0.000000e+00
1.949000e+00 1.570796e+00 1.594113e+00 1.404302e+00 -7.570794e-02 0.000000e+00 0.000000e+00
2.046000e+00 0.000000e+00 1.561631e+00 1.366504e+00 -7.011857e-02 0.000000e+00 0.000000e+00
2.046000e+00 7.853982e-01 1.561631e+00 1.366504e+00 -7.011857e-02 0.000000e+00 0.000000e+00
2.046000e+00 1.570796e+00 1.561631e+00 1.366504e+00 -7.011857e-02 0.000000e+00 0.000000e+00
2.143000e+00 0.000000e+00 1.532486e+00 1.332753e+00 -6.512274e-02 0.000000e+00 0.000000e+00
2.143000e+00 7.853982e-01 1.532486e+00 1.332753e+00 -6.512274e-02 0.000000e+00 0.000000e+00
2.143000e+00 1.570796e+00 1.532486e+00 1.332753e+00 -6.512274e-02 0.000000e+00 0.000000e+00
2.240000e+00 0.000000e+00 1.506215e+00 1.302440e+00 -6.063970e-02 0.000000e+00 0.000000e+00
2.240000e+00 7.853982e-01 1.506215e+00 1.302440e+00 -6.063970e-02 0.000000e+00 0.000000e+00
2.240000e+00 1.570796e+00 1.506215e+00 1.302440e+00 -6.063970e-02 0.000000e+00 0.000000e+00
2.337000e+00 0.000000e+00 1.482406e+00 1.275073e+00 -5.660190e-02 0.000000e+00 0.000000e+00
2.337000e+00 7.853982e-01 1.482406e+00 1.275073e+00 -5.660190e-02 0.000000e+00 0.000000e+00
2.337000e+00 1.570796e+00 1.482406e+00 1.275073e+00 -5.660190e-02 0.000000e+00 0.000000e+00
2.434000e+00 0.000000e+00 1.460715e+00 1.250246e+00 -5.295251e-02 0.000000e+00 0.000000e+00
2.434000e+00 7.853982e-01 1.460715e+00 1.250246e+00 -5.295251e-02 0.000000e+00 0.000000e+00
2.434000e+00 1.570796e+00 1.460715e+00 1.250246e+00 -5.295251e-02 0.000000e+00 0.000000e+00
2.531000e+00 0.000000e+00 1.440859e+00 1.227626e+00 -4.964346e-02 0.000000e+00 0.000000e+00
2.531000e+00 7.853982e-01 1.440859e+00 1.227626e+00 -4.964346e-02 0.000000e+00 0.000000e+00
2.531000e+00 1.570796e+00 1.440859e+00 1.227626e+00 -4.964346e-02 0.000000e+00 0.000000e+00
2.628000e+00 0.000000e+00 1.422609e+00 1.206934e+00 -4.663383e-02 0.000000e+00 0.000000e+00
2.628000e+00 7.853982e-01 1.422609e+00 1.206934e+00 -4.663383e-02 0.000000e+00 0.000000e+00
2.628000e+00 1.570796e+00 1.422609e+00 1.206934e+00 -4.663383e-02 0.000000e+00 0.000000e+00
2.725000e+00 0.000000e+00 1.405778e+00 1.187938e+00 -4.388869e-02 0.000000e+00 0.000000e+00
2.725000e+00 7.853982e-01 1.405778e+00 1.187938e+00 -4.388869e-02 0.000000e+00 0.000000e+00
2.725000e+00 1.570796e+00 1.405778e+00 1.187938e+00 -4.388869e-02 0.000000e+00 0.000000e+00
2.822000e+00 0.000000e+00 1.390209e+00 1.170439e+00 -4.137799e-02 0.000000e+00 0.000000e+00
2.822000e+00 7.853982e-01 1.390209e+00 1.170439e+00 -4.137799e-02 0.000000e+00 0.000000e+00
2.822000e+00 1.570796e+00 1.390209e+00 1.170439e+00 -4.137799e-02 0.000000e+00 0.000000e+00
2.919000e+00 0.000000e+00 1.375769e+00 1.154269e+00 -3.907587e-02 0.000000e+00 0.000000e+00
2.919000e+00 7.853982e-01 1.375769e+00 1.154269e+00 -3.907587e-02 0.000000e+00 0.000000e+00
2.919000e+00 1.570796e+00 1.375769e+00 1.154269e+00 -3.907587e-02 0.000000e+00 0.000000e+00
3.016000e+00 0.000000e+00 1.362341e+00 1.139283e+00 -3.695988e-02 0.000000e+00 0.000000e+00
3.016000e+00 7.853982e-01 1.362341e+00 1.139283e+00 -3.695988e-02 0.000000e+00 0.000000e+00
3.016000e+00 1.570796e+00 1.362341e+00 1.139283e+00 -3.695988e-02 0.000000e+00 0.000000e+00
3.113000e+00 0.000000e+00 1.349826e+00 1.125358e+00 -3.501055e-02 0.000000e+00 0.000000e+00
3.113000e+00 7.853982e-01 1.349826e+00 1.125358e+00 -3.501055e-02 0.000000e+00 0.000000e+00
3.113000e+00 1.570796e+00 1.349826e+00 1.125358e+00 -3.501055e-02 0.000000e+00 0.000000e+00
3.210000e+00 0.000000e+00 1.338133e+00 1.112386e+00 -3.321084e-02 0.000000e+00 0.000000e+00
3.210000e+00 7.853982e-01 1.338133e+00 1.112386e+00 -3.321084e-02 0.000000e+00 0.000000e+00
3.210000e+00 1.570796e+00 1.338133e+00 1.112386e+00 -3.321084e-02 0.000000e+00 0.000000e+00
3.307000e+00 0.000000e+00 1.327185e+00 1.100272e+00 -3.154586e-02 0.000000e+00 0.000000e+00
3.307000e+00 7.853982e-01 1.327185e+00 1.100272e+00 -3.154586e-02 0.000000e+00 0.000000e+00
3.307000e+00 1.570796e+00 1.327185e+00 1.100272e+00 -3.154586e-02 0.000000e+00 0.000000e+00
3.404000e+00 0.000000e+00 1.316914e+00 1.088936e+00 -3.000252e-02 0.000000e+00 0.000000e+00
3.404000e+00 7.853982e-01 1.316914e+00 1.088936e+00 -3.000252e-02 0.000000e+00 0.000000e+00
3.404000e+00 1.570796e+00 1.316914e+00 1.088936e+00 -3.000252e-02 0.000000e+00 0.000000e+00
3.501000e+00 0.000000e+00 1.307257e+00 1.078305e+00 -2.856926e-02 0.000000e+00 0.000000e+00
3.501000e+00 7.853982e-01 1.307257e+00 1.078305e+00 -2.856926e-02 0.000000e+00 0.000000e+00
3.501000e+00 1.570796e+00 1.307257e+00 1.078305e+00 -2.856926e-02 0.000000e+00 0.000000e+00
3.598000e+00 0.000000e+00 1.298162e+00 1.068316e+00 -2.723589e-02 0.000000e+00 0.000000e+00
3.598000e+00 7.853982e-01 1.298162e+00 1.068316e+00 -2.723589e-02 0.000000e+00 0.000000e+00
3.598000e+00 1.570796e+00 1.298162e+00 1.068316e+00 -2.723589e-02 0.000000e+00 0.000000e+00
3.695000e+00 0.000000e+00 1.289581e+00 1.058913e+00 -2.599334e-02 0.000000e+00 0.000000e+00
3.695000e+00 7.853982e-01 1.289581e+00 1.058913e+00 -2.599334e-02 0.000000e+00 0.000000e+00
3.695000e+00 1.570796e+00 1.289581e+00 1.058913e+00 -2.599334e-02 0.000000e+00 0.000000e+00
3.792000e+00 0.000000e+00 1.281472e+00 1.050046e+00 -2.483356e-02 0.000000e+00 0.000000e+00
3.792000e+00 7.853982e-01 1.281472e+00 1.050046e+00 -2.483356e-02 0.000000e+00 0.000000e+00
3.792000e+00 1.570796e+00 1.281472e+00 1.050046e+00 -2.483356e-02 0.000000e+00 0.000000e+00
3.889000e+00 0.000000e+00 1.273797e+00 1.041671e+00 -2.374937e-02 0.000000e+00 0.000000e+00
3.889000e+00 7.853982e-01 1.273797e+00 1.041671e+00 -2.374937e-02 0.000000e+00 0.000000e+00
3.889000e+00 1.570796e+00 1.273797e+00 1.041671e+00 -2.374937e-02 0.000000e+00 0.000000e+00
3.986000e+00 0.000000e+00 1.266522e+00 1.033749e+00 -2.273435e-02 0.000000e+00 0.000000e+00
3.986000e+00 7.853982e-01 1.266522e+00 1.033749e+00 -2.273435e-02 0.000000e+00 0.000000e+00
3.986000e+00 1.570796e+00 1.266522e+00 1.033749e+00 -2.273435e-02 0.000000e+00 0.000000e+00
4.083000e+00 0.000000e+00 1.259618e+00 1.026244e+00 -2.178275e-02 0.000000e+00 0.000000e+00
4.083000e+00 7.853982e-01 1.259618e+00 1.026244e+00 -2.178275e-02 0.000000e+00 0.000000e+00
4.083000e+00 1.570796e+00 1.259618e+00 1.026244e+00 -2.178275e-02 0.000000e+00 0.000000e+00
4.180000e+00 0.000000e+00 1.253056e+00 1.019123e+00 -2.088940e-02 0.000000e+00 0.000000e+00
4.180000e+00 7.853982e-01 1.253056e+00 1.019123e+00 -2.088940e-02 0.000000e+00 0.000000e+00
4.180000e+00 1.570796e+00 1.253056e+00 1.019123e+00 -2.088940e-02 0.000000e+00 0.000000e+00
4.277000e+00 0.000000e+00 1.246812e+00 1.012359e+00 -2.004965e-02 0.000000e+00 0.000000e+00
4.277000e+00 7.853982e-01 1.246812e+00 1.012359e+00 -2.004965e-02 0.000000e+00 0.000000e+00
4.277000e+00 1.570796e+00 1.246812e+00 1.012359e+00 -2.004965e-02 0.000000e+00 0.000000e+00
4.374000e+00 0.000000e+00 1.240863e+00 1.005926e+00 -1.925929e-02 0.000000e+00 0.000000e+00
4.374000e+00 7.853982e-01 1.240863e+00 1.005926e+00 -1.925929e-02 0.000000e+00 0.000000e+00
4.374000e+00 1.570796e+00 1.240863e+00 1.005926e+00 -1.925929e-02 0.000000e+00 0.000000e+00
4.471000e+00 0.000000e+00 1.235190e+00 9.997989e-01 -1.851455e-02 0.000000e+00 0.000000e+00
4.471000e+00 7.853982e-01 1.235190e+00 9.997989e-01 -1.851455e-02 0.000000e+00 0.000000e+00
4.471000e+00 1.570796e+00 1.235190e+00 9.997989e-01 -1.851455e-02 0.000000e+00 0.000000e+00
4.568000e+00 0.000000e+00 1.229773e+00 9.939577e-01 -1.781197e-02 0.000000e+00 0.000000e+00
4.568000e+00 7.853982e-01 1.229773e+00 9.939577e-01 -1.781197e-02 0.000000e+00 0.000000e+00
4.568000e+00 1.570796e+00 1.229773e+00 9.939577e-01 -1.781197e-02 0.000000e+00 0.000000e+00
4.665000e+00 0.000000e+00 1.224595e+00 9.883828e-01 -1.714845e-02 0.000000e+00 0.000000e+00
4.665000e+00 7.853982e-01 1.224595e+00 9.883828e-01 -1.714845e-02 0.000000e+00 0.000000e+00
4.665000e+00 1.570796e+00 1.224595e+00 9.883828e-01 -1.714845e-02 0.000000e+00 0.000000e+00
4.762000e+00 0.000000e+00 1.219641e+00 9.830563e-01 -1.652113e-02 0.000000e+00 0.000000e+00
4.762000e+00 7.853982e-01 1.219641e+00 9.830563e-01 -1.652113e-02 0.000000e+00 0.000000e+00
4.762000e+00 1.570796e+00 1.219641e+00 9.830563e-01 -1.652113e-02 0.000000e+00 0.000000e+00
4.859000e+00 0.000000e+00 1.214897e+00 9.779621e-01 -1.592745e-02 0.000000e+00 0.000000e+00
4.859000e+00 7.853982e-01 1.214897e+00 9.779621e-01 -1.592745e-02 0.000000e+00 0.000000e+00
4.859000e+00 1.570796e+00 1.214897e+00 9.779621e-01 -1.592745e-02 0.000000e+00 0.000000e+00
4.956000e+00 0.000000e+00 1.210350e+00 9.730854e-01 -1.536503e-02 0.000000e+00 0.000000e+00
4.956000e+00 7.853982e-01 1.210350e+00 9.730854e-01 -1.536503e-02 0.000000e+00 0.000000e+00
4.956000e+00 1.570796e+00 1.210350e+00 9.730854e-01 -1.536503e-02 0.000000e+00 0.000000e+00
5.053000e+00 0.000000e+00 1.205988e+00 9.684127e-01 -1.483174e-02 0.000000e+00 0.000000e+00
5.053000e+00 7.853982e-01 1.205988e+00 9.684127e-01 -1.483174e-02 0.000000e+00 0.000000e+00
5.053000e+00 1.570796e+00 1.205988e+00 9.684127e-01 -1.483174e-02 0.000000e+00 0.000000e+00
5.150000e+00 0.000000e+00 1.201799e+00 9.639314e-01 -1.432559e-02 0.000000e+00 0.000000e+00
5.150000e+00 7.853982e-01 1.201799e+00 9.639314e-01 -1.432559e-02 0.000000e+00 0.000000e+00
5.150000e+00 1.570796e+00 1.201799e+00 9.639314e-01 -1.432559e-02 0.000000e+00 0.000000e+00
5.247000e+00 0.000000e+00 1.197775e+00 9.596300e-01 -1.384477e-02 0.000000e+00 0.000000e+00
5.247000e+00 7.853982e-01 1.197775e+00 9.596300e-01 -1.384477e-02 0.000000e+00 0.000000e+00
5.247000e+00 1.570796e+00 1.197775e+00 9.596300e-01 -1.384477e-02 0.000000e+00 0.000000e+00
5.344000e+00 0.000000e+00 1.193904e+00 9.554980e-01 -1.338764e-02 0.000000e+00 0.000000e+00
5.344000e+00 7.853982e-01 1.193904e+00 9.554980e-01 -1.338764e-02 0.000000e+00 0.000000e+00
5.344000e+00 1.570796e+00 1.193904e+00 9.554980e-01 -1.338764e-02 0.000000e+00 0.000000e+00
5.441000e+00 0.000000e+00 1.190179e+00 9.515256e-01 -1.295266e-02 0.000000e+00 0.000000e+00
5.441000e+00 7.853982e-01 1.190179e+00 9.515256e-01 -1.295266e-02 0.000000e+00 0.000000e+00
5.441000e+00 1.570796e+00 1.190179e+00 9.515256e-01 -1.295266e-02 0.000000e+00 0.000000e+00
5.538000e+00 0.000000e+00 1.186592e+00 9.477038e-01 -1.253842e-02 0.000000e+00 0.000000e+00
5.538000e+00 7.853982e-01 1.186592e+00 9.477038e-01 -1.253842e-02 0.000000e+00 0.000000e+00
5.538000e+00 1.570796e+00 1.186592e+00 9.477038e-01 -1.253842e-02 0.000000e+00 0.000000e+00
5.635000e+00 0.000000e+00 1.183134e+00 9.440242e-01 -1.214364e-02 0.000000e+00 0.000000e+00
5.635000e+00 7.853982e-01 1.183134e+00 9.440242e-01 -1.214364e-02 0.000000e+00 0.000000e+00
5.635000e+00 1.570796e+00 1.183134e+00 9.440242e-01 -1.214364e-02 0.000000e+00 0.000000e+00
5.732000e+00 0.000000e+00 1.179800e+00 9.404790e-01 -1.176711e-02 0.000000e+00 0.000000e+00
5.732000e+00 7.853982e-01 1.179800e+00 9.404790e-01 -1.176711e-02 0.000000e+00 0.000000e+00
5.732000e+00 1.570796e+00 1.179800e+00 9.404790e-01 -1.176711e-02 0.000000e+00 0.000000e+00
5.829000e+00 0.000000e+00 1.176582e+00 9.370611e-01 -1.140774e-02 0.000000e+00 0.000000e+00
5.829000e+00 7.853982e-01 1.176582e+00 9.370611e-01 -1.140774e-02 0.000000e+00 0.000000e+00
5.829000e+00 1.570796e+00 1.176582e+00 9.370611e-01 -1.140774e-02 0.000000e+00 0.000000e+00
5.926000e+00 0.000000e+00 1.173475e+00 9.337636e-01 -1.106449e-02 0.000000e+00 0.000000e+00
5.926000e+00 7.853982e-01 1.173475e+00 9.337636e-01 -1.106449e-02 0.000000e+00 0.000000e+00
5.926000e+00 1.570796e+00 1.173475e+00 9.337636e-01 -1.106449e-02 0.000000e+00 0.000000e+00
6.023000e+00 0.000000e+00 1.170474e+00 9.305804e-01 -1.073643e-02 0.000000e+00 0.000000e+00
6.023000e+00 7.853982e-01 1.170474e+00 9.305804e-01 -1.073643e-02 0.000000e+00 0.000000e+00
6.023000e+00 1.570796e+00 1.170474e+00 9.305804e-01 -1.073643e-02 0.000000e+00 0.000000e+00
6.120000e+00 0.000000e+00 1.167572e+00 9.275057e-01 -1.042266e-02 0.000000e+00 0.000000e+00
6.120000e+00 7.853982e-01 1.167572e+00 9.275057e-01 -1.042266e-02 0.000000e+00 0.000000e+00
6.120000e+00 1.570796e+00 1.167572e+00 9.275057e-01 -1.042266e-02 0.000000e+00 0.000000e+00
6.217000e+00 0.000000e+00 1.164765e+00 9.245340e-01 -1.012239e-02 0.000000e+00 0.000000e+00
6.217000e+00 7.853982e-01 1.164765e+00 9.245340e-01 -1.012239e-02 0.000000e+00 0.000000e+00
6.217000e+00 1.570796e+00 1.164765e+00 9.245340e-01 -1.012239e-02 0.000000e+00 0.000000e+00
6.314000e+00 0.000000e+00 1.162048e+00 9.216602e-01 -9.834839e-03 0.000000e+00 0.000000e+00
6.314000e+00 7.853982e-01 1.162048e+00 9.216602e-01 -9.834839e-03 0.000000e+00 0.000000e+00
6.314000e+00 1.570796e+00 1.162048e+00 9.216602e-01 -9.834839e-03 0.000000e+00 0.000000e+00
6.411000e+00 0.000000e+00 1.159417e+00 9.188796e-01 -9.559311e-03 0.000000e+00 0.000000e+00
6.411000e+00 7.853982e-01 1.159417e+00 9.188796e-01 -9.559311e-03 0.000000e+00 0.000000e+00
6.411000e+00 1.570796e+00 1.159417e+00 9.188796e-01 -9.559311e-03 0.000000e+00 0.000000e+00
6.508000e+00 0.000000e+00 1.156869e+00 9.161878e-01 -9.295147e-03 0.000000e+00 0.000000e+00
6.508000e+00 7.853982e-01 1.156869e+00 9.161878e-01 -9.295147e-03 0.000000e+00 0.000000e+00
6.508000e+00 1.570796e+00 1.156869e+00 9.161878e-01 -9.295147e-03 0.000000e+00 0.000000e+00
6.605000e+00 0.000000e+00 1.154399e+00 9.135805e-01 -9.041734e-03 0.000000e+00 0.000000e+00
6.605000e+00 7.853982e-01 1.154399e+00 9.135805e-01 -9.041734e-03 0.000000e+00 0.000000e+00
6.605000e+00 1.570796e+00 1.154399e+00 9.135805e-01 -9.041734e-03 0.000000e+00 0.000000e+00
6.702000e+00 0.000000e+00 1.152003e+00 9.110539e-01 -8.798499e-03 0.000000e+00 0.000000e+00
6.702000e+00 7.853982e-01 1.152003e+00 9.110539e-01 -8.798499e-03 0.000000e+00 0.000000e+00
6.702000e+00 1.570796e+00 1.152003e+00 9.110539e-01 -8.798499e-03 0.000000e+00 0.000000e+00
6.799000e+00 0.000000e+00 1.149679e+00 9.086043e-01 -8.564907e-03 0.000000e+00 0.000000e+00
6.799000e+00 7.853982e-01 1.149679e+00 9.086043e-01 -8.564907e-03 0.000000e+00 0.000000e+00
6.799000e+00 1.570796e+00 1.149679e+00 9.086043e-01 -8.564907e-03 0.000000e+00 0.000000e+00
6.896000e+00 0.000000e+00 1.147423e+00 9.062281e-01 -8.340459e-03 0.000000e+00 0.000000e+00
6.896000e+00 7.853982e-01 1.147423e+00 9.062281e-01 -8.340459e-03 0.000000e+00 0.000000e+00
6.896000e+00 1.570796e+00 1.147423e+00 9.062281e-01 -8.340459e-03 0.000000e+00 0.000000e+00
6.993000e+00 0.000000e+00 1.145233e+00 9.039223e-01 -8.124686e-03 0.000000e+00 0.000000e+00
6.993000e+00 7.853982e-01 1.145233e+00 9.039223e-01 -8.124686e-03 0.000000e+00 0.000000e+00
6.993000e+00 1.570796e+00 1.145233e+00 9.039223e-01 -8.124686e-03 0.000000e+00 0.000000e+00
7.090000e+00 0.000000e+00 1.143105e+00 9.016836e-01 -7.917151e-03 0.000000e+00 0.000000e+00
7.090000e+00 7.853982e-01 1.143105e+00 9.016836e-01 -7.917151e-03 0.000000e+00 0.000000e+00
7.090000e+00 1.570796e+00 1.143105e+00 9.016836e-01 -7.917151e-03 0.000000e+00 0.000000e+00
7.187000e+00 0.000000e+00 1.141037e+00 8.995093e-01 -7.717441e-03 0.000000e+00 0.000000e+00
7.187000e+00 7.853982e-01 1.141037e+00 8.995093e-01 -7.717441e-03 0.000000e+00 0.000000e+00
7.187000e+00 1.570796e+00 1.141037e+00 8.995093e-01 -7.717441e-03 0.000000e+00 0.000000e+00
7.284000e+00 0.000000e+00 1.139026e+00 8.973966e-01 -7.525173e-03 0.000000e+00 0.000000e+00
7.284000e+00 7.853982e-01 1.139026e+00 8.973966e-01 -7.525173e-03 0.000000e+00 0.000000e+00
7.284000e+00 1.570796e+00 1.139026e+00 8.973966e-01 -7.525173e-03 0.000000e+00 0.000000e+00
7.381000e+00 0.000000e+00 1.137070e+00 8.953428e-01 -7.339983e-03 0.000000e+00 0.000000e+00
7.381000e+00 7.853982e-01 1.137070e+00 8.953428e-01 -7.339983e-03 0.000000e+00 0.000000e+00
7.381000e+00 1.570796e+00 1.137070e+00 8.953428e-01 -7.339983e-03 0.000000e+00 0.000000e+00
7.478000e+00 0.000000e+00 1.135168e+00 8.933457e-01 -7.161531e-03 0.000000e+00 0.000000e+00
7.478000e+00 7.853982e-01 1.135168e+00 8.933457e-01 -7.161531e-03 0.000000e+00 0.000000e+00
7.478000e+00 1.570796e+00 1.135168e+00 8.933457e-01 -7.161531e-03 0.000000e+00 0.000000e+00
7.575000e+00 0.000000e+00 1.133316e+00 8.914028e-01 -6.989497e-03 0.000000e+00 0.000000e+00
7.575000e+00 7.853982e-01 1.133316e+00 8.914028e-01 -6.989497e-03 0.000000e+00 0.000000e+00
7.575000e+00 1.570796e+00 1.133316e+00 8.914028e-01 -6.989497e-03 0.000000e+00 0.000000e+00
7.672000e+00 0.000000e+00 1.131513e+00 8.895120e-01 -6.823581e-03 0.000000e+00 0.000000e+00
7.672000e+00 7.853982e-01 1.131513e+00 8.895120e-01 -6.823581e-03 0.000000e+00 0.000000e+00
7.672000e+00 1.570796e+00 1.131513e+00 8.895120e-01 -6.823581e-03 0.000000e+00 0.000000e+00
7.769000e+00 0.000000e+00 1.129756e+00 8.876713e-01 -6.663497e-03 0.000000e+00 0.000000e+00
7.769000e+00 7.853982e-01 1.129756e+00 8.876713e-01 -6.663497e-03 0.000000e+00 0.000000e+00
7.769000e+00 1.570796e+00 1.129756e+00 8.876713e-01 -6.663497e-03 0.000000e+00 0.000000e+00
7.866000e+00 0.000000e+00 1.128046e+00 8.858787e-01 -6.508978e-03 0.000000e+00 0.000000e+00
7.866000e+00 7.853982e-01 1.128046e+00 8.858787e-01 -6.508978e-03 0.000000e+00 0.000000e+00
7.866000e+00 1.570796e+00 1.128046e+00 8.858787e-01 -6.508978e-03 0.000000e+00 0.000000e+00
7.963000e+00 0.000000e+00 1.126378e+00 8.841322e-01 -6.359773e-03 0.000000e+00 0.000000e+00
7.963000e+00 7.853982e-01 1.126378e+00 8.841322e-01 -6.359773e-03 0.000000e+00 0.000000e+00
7.963000e+00 1.570796e+00 1.126378e+00 8.841322e-01 -6.359773e-03 0.000000e+00 0.000000e+00
8.060000e+00 0.000000e+00 1.124753e+00 8.824303e-01 -6.215641e-03 0.000000e+00 0.000000e+00
8.060000e+00 7.853982e-01 1.124753e+00 8.824303e-01 -6.215641e-03 0.000000e+00 0.000000e+00
8.060000e+00 1.570796e+00 1.124753e+00 8.824303e-01 -6.215641e-03 0.000000e+00 0.000000e+00
8.157000e+00 0.000000e+00 1.123169e+00 8.807711e-01 -6.076360e-03 0.000000e+00 0.000000e+00
8.157000e+00 7.853982e-01 1.123169e+00 8.807711e-01 -6.076360e-03 0.000000e+00 0.000000e+00
8.157000e+00 1.570796e+00 1.123169e+00 8.807711e-01 -6.076360e-03 0.000000e+00 0.000000e+00
8.254000e+00 0.000000e+00 1.121625e+00 8.791531e-01 -5.941716e-03 0.000000e+00 0.000000e+00
8.254000e+00 7.853982e-01 1.121625e+00 8.791531e-01 -5.941716e-03 0.000000e+00 0.000000e+00
8.254000e+00 1.570796e+00 1.121625e+00 8.791531e-01 -5.941716e-03 0.000000e+00 0.000000e+00
8.351000e+00 0.000000e+00 1.120119e+00 8.775748e-01 -5.811509e-03 0.000000e+00 0.000000e+00
8.351000e+00 7.853982e-01 1.120119e+00 8.775748e-01 -5.811509e-03 0.000000e+00 0.000000e+00
8.351000e+00 1.570796e+00 1.120119e+00 8.775748e-01 -5.811509e-03 0.000000e+00 0.000000e+00
8.448000e+00 0.000000e+00 1.118651e+00 8.760347e-01 -5.685549e-03 0.000000e+00 0.000000e+00
8.448000e+00 7.853982e-01 1.118651e+00 8.760347e-01 -5.685549e-03 0.000000e+00 0.000000e+00
8.448000e+00 1.570796e+00 1.118651e+00 8.760347e-01 -5.685549e-03 0.000000e+00 0.000000e+00
8.545000e+00 0.000000e+00 1.117222e+00 8.745315e-01 -5.563655e-03 0.000000e+00 0.000000e+00
8.545000e+00 7.853982e-01 1.117222e+00 8.745315e-01 -5.563655e-03 0.000000e+00 0.000000e+00
8.545000e+00 1.570796e+00 1.117222e+00 8.745315e-01 -5.563655e-03 0.000000e+00 0.000000e+00
8.642000e+00 0.000000e+00 1.115830e+00 8.730639e-01 -5.445657e-03 0.000000e+00 0.000000e+00
8.642000e+00 7.853982e-01 1.115830e+00 8.730639e-01 -5.445657e-03 0.000000e+00 0.000000e+00
8.642000e+00 1.570796e+00 1.115830e+00 8.730639e-01 -5.445657e-03 0.000000e+00 0.000000e+00
8.739000e+00 0.000000e+00 1.114476e+00 8.716306e-01 -5.331392e-03 0.000000e+00 0.000000e+00
8.739000e+00 7.853982e-01 1.114476e+00 8.716306e-01 -5.331392e-03 0.000000e+00 0.000000e+00
8.739000e+00 1.570796e+00 1.114476e+00 8.716306e-01 -5.331392e-03 0.000000e+00 0.000000e+00
8.836000e+00 0.000000e+00 1.113163e+00 8.702304e-01 -5.220706e-03 0.000000e+00 0.000000e+00
8.836000e+00 7.853982e-01 1.113163e+00 8.702304e-01 -5.220706e-03 0.000000e+00 0.000000e+00
8.836000e+00 1.570796e+00 1.113163e+00 8.702304e-01 -5.220706e-03 0.000000e+00 0.000000e+00
8.933000e+00 0.000000e+00 1.111892e+00 8.688621e-01 -5.113454e-03 0.000000e+00 0.000000e+00
8.933000e+00 7.853982e-01 1.111892e+00 8.688621e-01 -5.113454e-03 0.000000e+00 0.000000e+00
8.933000e+00 1.570796e+00 1.111892e+00 8.688621e-01 -5.113454e-03 0.000000e+00 0.000000e+00
9.030000e+00 0.000000e+00 1.110668e+00 8.675247e-01 -5.009497e-03 0.000000e+00 0.000000e+00
9.030000e+00 7.853982e-01 1.110668e+00 8.675247e-01 -5.009497e-03 0.000000e+00 0.000000e+00
9.030000e+00 1.570796e+00 1.110668e+00 8.675247e-01 -5.009497e-03 0.000000e+00 0.000000e+00
9.127000e+00 0.000000e+00 1.109497e+00 8.662171e-01 -4.908703e-03 0.000000e+00 0.000000e+00
9.127000e+00 7.853982e-01 1.109497e+00 8.662171e-01 -4.908703e-03 0.000000e+00 0.000000e+00
9.127000e+00 1.570796e+00 1.109497e+00 8.662171e-01 -4.908703e-03 0.000000e+00 0.000000e+00
9.224000e+00 0.000000e+00 1.108386e+00 8.649383e-01 -4.810951e-03 0.000000e+00 0.000000e+00
9.224000e+00 7.853982e-01 1.108386e+00 8.649383e-01 -4.810951e-03 0.000000e+00 0.000000e+00
9.224000e+00 1.570796e+00 1.108386e+00 8.649383e-01 -4.810951e-03 0.000000e+00 0.000000e+00
9.321000e+00 0.000000e+00 1.107350e+00 8.636873e-01 -4.716097e-03 0.000000e+00 0.000000e+00
9.321000e+00 7.853982e-01 1.107350e+00 8.636873e-01 -4.716097e-03 0.000000e+00 0.000000e+00
9.321000e+00 1.570796e+00 1.107350e+00 8.636873e-01 -4.716097e-03 0.000000e+00 0.000000e+00
9.418000e+00 0.000000e+00 1.106405e+00 8.624630e-01 -4.624114e-03 0.000000e+00 0.000000e+00
9.418000e+00 7.853982e-01 1.106405e+00 8.624630e-01 -4.624114e-03 0.000000e+00 0.000000e+00
9.418000e+00 1.570796e+00 1.106405e+00 8.624630e-01 -4.624114e-03 0.000000e+00 0.000000e+00
9.515000e+00 0.000000e+00 1.105577e+00 8.612650e-01 -4.534421e-03 0.000000e+00 0.000000e+00
9.515000e+00 7.853982e-01 1.105577e+00 8.612650e-01 -4.534421e-03 0.000000e+00 0.000000e+00
9.515000e+00 1.570796e+00 1.105577e+00 8.612650e-01 -4.534421e-03 0.000000e+00 0.000000e+00
9.612000e+00 0.000000e+00 1.104900e+00 8.600900e-01 -4.448514e-03 0.000000e+00 0.000000e+00
9.612000e+00 7.853982e-01 1.104900e+00 8.600900e-01 -4.448514e-03 0.000000e+00 0.000000e+00
9.612000e+00 1.570796e+00 1.104900e+00 8.600900e-01 -4.448514e-03 0.000000e+00 0.000000e+00
9.709000e+00 0.000000e+00 1.104431e+00 8.589446e-01 -4.357648e-03 0.000000e+00 0.000000e+00
9.709000e+00 7.853982e-01 1.104431e+00 8.589446e-01 -4.357648e-03 0.000000e+00 0.000000e+00
9.709000e+00 1.570796e+00 1.104431e+00 8.589446e-01 -4.357648e-03 0.000000e+00 0.000000e+00
9.806000e+00 0.000000e+00 1.104199e+00 8.577866e-01 -4.290923e-03 0.000000e+00 0.000000e+00
9.806000e+00 7.853982e-01 1.104199e+00 8.577866e-01 -4.290923e-03 0.000000e+00 0.000000e+00
9.806000e+00 1.570796e+00 1.104199e+00 8.577866e-01 -4.290923e-03 0.000000e+00 0.000000e+00
9.903000e+00 0.000000e+00 1.104350e+00 8.567545e-01 -4.090281e-03 0.000000e+00 0.000000e+00
9.903000e+00 7.853982e-01 1.104350e+00 8.567545e-01 -4.090281e-03 0.000000e+00 0.000000e+00
9.903000e+00 1.570796e+00 1.104350e+00 8.567545e-01 -4.090281e-03 0.000000e+00 0.000000e+00
1.000000e+01 0.000000e+00 1.103348e+00 8.550893e-01 -5.124368e-03 0.000000e+00 0.000000e+00
1.000000e+01 7.853982e-01 1.103348e+00 8.550893e-01 -5.124368e-03 0.000000e+00 0.000000e+00
1.000000e+01 1.570796e+00 1.103348e+00 8.550893e-01 -5.124368e-03 0.000000e+00 0.000000e+00
