###############PARAM###############
2.000034e+02 
101 
3 
###################################
3.000000e-01 0.000000e+00 1.569494e+02 5.167589e+02 -8.252136e-01 0.000000e+00 0.000000e+00
3.000000e-01 7.853982e-01 1.569494e+02 5.167589e+02 -8.252136e-01 0.000000e+00 0.000000e+00
3.000000e-01 1.570796e+00 1.569494e+02 5.167589e+02 -8.252136e-01 0.000000e+00 0.000000e+00
3.239856e-01 0.000000e+00 1.212910e+02 3.271160e+02 -2.315778e-01 0.000000e+00 0.000000e+00
3.239856e-01 7.853982e-01 1.212910e+02 3.271160e+02 -2.315778e-01 0.000000e+00 0.000000e+00
3.239856e-01 1.570796e+00 1.212910e+02 3.271160e+02 -2.315778e-01 0.000000e+00 0.000000e+00
3.485465e-01 0.000000e+00 1.033372e+02 2.244294e+02 -2.077647e-01 0.000000e+00 0.000000e+00
3.485465e-01 7.853982e-01 1.033372e+02 2.244294e+02 -2.077647e-01 0.000000e+00 0.000000e+00
3.485465e-01 1.570796e+00 1.033372e+02 2.244294e+02 -2.077647e-01 0.000000e+00 0.000000e+00
3.736964e-01 0.000000e+00 8.203338e+01 1.536841e+02 -1.645178e-01 0.000000e+00 0.000000e+00
3.736964e-01 7.853982e-01 8.203338e+01 1.536841e+02 -1.645178e-01 0.000000e+00 0.000000e+00
3.736964e-01 1.570796e+00 8.203338e+01 1.536841e+02 -1.645178e-01 0.000000e+00 0.000000e+00
3.994497e-01 0.000000e+00 6.101403e+01 1.070295e+02 -1.294001e-01 0.000000e+00 0.000000e+00
3.994497e-01 7.853982e-01 6.101403e+01 1.070295e+02 -1.294001e-01 0.000000e+00 0.000000e+00
3.994497e-01 1.570796e+00 6.101403e+01 1.070295e+02 -1.294001e-01 0.000000e+00 0.000000e+00
4.258206e-01 0.000000e+00 4.408721e+01 7.700488e+01 -1.005688e-01 0.000000e+00 0.000000e+00
4.258206e-01 7.853982e-01 4.408721e+01 7.700488e+01 -1.005688e-01 0.000000e+00 0.000000e+00
4.258206e-01 1.570796e+00 4.408721e+01 7.700488e+01 -1.005688e-01 0.000000e+00 0.000000e+00
4.528240e-01 0.000000e+00 3.245537e+01 5.773109e+01 -7.817537e-02 0.000000e+00 0.000000e+00
4.528240e-01 7.853982e-01 3.245537e+01 5.773109e+01 -7.817537e-02 0.000000e+00 0.000000e+00
4.528240e-01 1.570796e+00 3.245537e+01 5.773109e+01 -7.817537e-02 0.000000e+00 0.000000e+00
4.804752e-01 0.000000e+00 2.526295e+01 4.484521e+01 -6.013722e-02 0.000000e+00 0.000000e+00
4.804752e-01 7.853982e-01 2.526295e+01 4.484521e+01 -6.013722e-02 0.000000e+00 0.000000e+00
4.804752e-01 1.570796e+00 2.526295e+01 4.484521e+01 -6.013722e-02 0.000000e+00 0.000000e+00
5.087896e-01 0.000000e+00 2.103864e+01 3.565559e+01 -4.537439e-02 0.000000e+00 0.000000e+00
5.087896e-01 7.853982e-01 2.103864e+01 3.565559e+01 -4.537439e-02 0.000000e+00 0.000000e+00
5.087896e-01 1.570796e+00 2.103864e+01 3.565559e+01 -4.537439e-02 0.000000e+00 0.000000e+00
5.377831e-01 0.000000e+00 1.845259e+01 2.866513e+01 -3.294643e-02 0.000000e+00 0.000000e+00
5.377831e-01 7.853982e-01 1.845259e+01 2.866513e+01 -3.294643e-02 0.000000e+00 0.000000e+00
5.377831e-01 1.570796e+00 1.845259e+01 2.866513e+01 -3.294643e-02 0.000000e+00 0.000000e+00
5.674720e-01 0.000000e+00 1.658124e+01 2.311533e+01 -2.231766e-02 0.000000e+00 0.000000e+00
5.674720e-01 7.853982e-01 1.658124e+01 2.311533e+01 -2.231766e-02 0.000000e+00 0.000000e+00
5.674720e-01 1.570796e+00 1.658124e+01 2.311533e+01 -2.231766e-02 0.000000e+00 0.000000e+00
5.978731e-01 0.000000e+00 1.490862e+01 1.863569e+01 -1.315427e-02 0.000000e+00 0.000000e+00
5.978731e-01 7.853982e-01 1.490862e+01 1.863569e+01 -1.315427e-02 0.000000e+00 0.000000e+00
5.978731e-01 1.570796e+00 1.490862e+01 1.863569e+01 -1.315427e-02 0.000000e+00 0.000000e+00
6.290033e-01 0.000000e+00 1.322720e+01 1.502979e+01 -5.217381e-03 0.000000e+00 0.000000e+00
6.290033e-01 7.853982e-01 1.322720e+01 1.502979e+01 -5.217381e-03 0.000000e+00 0.000000e+00
6.290033e-01 1.570796e+00 1.322720e+01 1.502979e+01 -5.217381e-03 0.000000e+00 0.000000e+00
6.608802e-01 0.000000e+00 1.151713e+01 1.216427e+01 1.690081e-03 0.000000e+00 0.000000e+00
6.608802e-01 7.853982e-01 1.151713e+01 1.216427e+01 1.690081e-03 0.000000e+00 0.000000e+00
6.608802e-01 1.570796e+00 1.151713e+01 1.216427e+01 1.690081e-03 0.000000e+00 0.000000e+00
6.935217e-01 0.000000e+00 9.843973e+00 9.922861e+00 7.728626e-03 0.000000e+00 0.000000e+00
6.935217e-01 7.853982e-01 9.843973e+00 9.922861e+00 7.728626e-03 0.000000e+00 0.000000e+00
6.935217e-01 1.570796e+00 9.843973e+00 9.922861e+00 7.728626e-03 0.000000e+00 0.000000e+00
7.269461e-01 0.000000e+00 8.290382e+00 8.194302e+00 1.302049e-02 0.000000e+00 0.000000e+00
7.269461e-01 7.853982e-01 8.290382e+00 8.194302e+00 1.302049e-02 0.000000e+00 0.000000e+00
7.269461e-01 1.570796e+00 8.290382e+00 8.194302e+00 1.302049e-02 0.000000e+00 0.000000e+00
7.611722e-01 0.000000e+00 6.920318e+00 6.874043e+00 1.765406e-02 0.000000e+00 0.000000e+00
7.611722e-01 7.853982e-01 6.920318e+00 6.874043e+00 1.765406e-02 0.000000e+00 0.000000e+00
7.611722e-01 1.570796e+00 6.920318e+00 6.874043e+00 1.765406e-02 0.000000e+00 0.000000e+00
7.962193e-01 0.000000e+00 5.767011e+00 5.868988e+00 2.169360e-02 0.000000e+00 0.000000e+00
7.962193e-01 7.853982e-01 5.767011e+00 5.868988e+00 2.169360e-02 0.000000e+00 0.000000e+00
7.962193e-01 1.570796e+00 5.767011e+00 5.868988e+00 2.169360e-02 0.000000e+00 0.000000e+00
8.321069e-01 0.000000e+00 4.834681e+00 5.100863e+00 2.519008e-02 0.000000e+00 0.000000e+00
8.321069e-01 7.853982e-01 4.834681e+00 5.100863e+00 2.519008e-02 0.000000e+00 0.000000e+00
8.321069e-01 1.570796e+00 4.834681e+00 5.100863e+00 2.519008e-02 0.000000e+00 0.000000e+00
8.688554e-01 0.000000e+00 4.106326e+00 4.507170e+00 2.818935e-02 0.000000e+00 0.000000e+00
8.688554e-01 7.853982e-01 4.106326e+00 4.507170e+00 2.818935e-02 0.000000e+00 0.000000e+00
8.688554e-01 1.570796e+00 4.106326e+00 4.507170e+00 2.818935e-02 0.000000e+00 0.000000e+00
9.064853e-01 0.000000e+00 3.552761e+00 4.040172e+00 3.073566e-02 0.000000e+00 0.000000e+00
9.064853e-01 7.853982e-01 3.552761e+00 4.040172e+00 3.073566e-02 0.000000e+00 0.000000e+00
9.064853e-01 1.570796e+00 3.552761e+00 4.040172e+00 3.073566e-02 0.000000e+00 0.000000e+00
9.450178e-01 0.000000e+00 3.140387e+00 3.664725e+00 3.287120e-02 0.000000e+00 0.000000e+00
9.450178e-01 7.853982e-01 3.140387e+00 3.664725e+00 3.287120e-02 0.000000e+00 0.000000e+00
9.450178e-01 1.570796e+00 3.140387e+00 3.664725e+00 3.287120e-02 0.000000e+00 0.000000e+00
9.844745e-01 0.000000e+00 2.836676e+00 3.355711e+00 3.463471e-02 0.000000e+00 0.000000e+00
9.844745e-01 7.853982e-01 2.836676e+00 3.355711e+00 3.463471e-02 0.000000e+00 0.000000e+00
9.844745e-01 1.570796e+00 2.836676e+00 3.355711e+00 3.463471e-02 0.000000e+00 0.000000e+00
1.024878e+00 0.000000e+00 2.613307e+00 3.095562e+00 3.606035e-02 0.000000e+00 0.000000e+00
1.024878e+00 7.853982e-01 2.613307e+00 3.095562e+00 3.606035e-02 0.000000e+00 0.000000e+00
1.024878e+00 1.570796e+00 2.613307e+00 3.095562e+00 3.606035e-02 0.000000e+00 0.000000e+00
1.066250e+00 0.000000e+00 2.447396e+00 2.872158e+00 3.717715e-02 0.000000e+00 0.000000e+00
1.066250e+00 7.853982e-01 2.447396e+00 2.872158e+00 3.717715e-02 0.000000e+00 0.000000e+00
1.066250e+00 1.570796e+00 2.447396e+00 2.872158e+00 3.717715e-02 0.000000e+00 0.000000e+00
1.108614e+00 0.000000e+00 2.321455e+00 2.677168e+00 3.801203e-02 0.000000e+00 0.000000e+00
1.108614e+00 7.853982e-01 2.321455e+00 2.677168e+00 3.801203e-02 0.000000e+00 0.000000e+00
1.108614e+00 1.570796e+00 2.321455e+00 2.677168e+00 3.801203e-02 0.000000e+00 0.000000e+00
1.151995e+00 0.000000e+00 2.222672e+00 2.504833e+00 3.859345e-02 0.000000e+00 0.000000e+00
1.151995e+00 7.853982e-01 2.222672e+00 2.504833e+00 3.859345e-02 0.000000e+00 0.000000e+00
1.151995e+00 1.570796e+00 2.222672e+00 2.504833e+00 3.859345e-02 0.000000e+00 0.000000e+00
1.196416e+00 0.000000e+00 2.141978e+00 2.351123e+00 3.894996e-02 0.000000e+00 0.000000e+00
1.196416e+00 7.853982e-01 2.141978e+00 2.351123e+00 3.894996e-02 0.000000e+00 0.000000e+00
1.196416e+00 1.570796e+00 2.141978e+00 2.351123e+00 3.894996e-02 0.000000e+00 0.000000e+00
1.241903e+00 0.000000e+00 2.073188e+00 2.213214e+00 3.911031e-02 0.000000e+00 0.000000e+00
1.241903e+00 7.853982e-01 2.073188e+00 2.213214e+00 3.911031e-02 0.000000e+00 0.000000e+00
1.241903e+00 1.570796e+00 2.073188e+00 2.213214e+00 3.911031e-02 0.000000e+00 0.000000e+00
1.288480e+00 0.000000e+00 2.011996e+00 2.088753e+00 3.911479e-02 0.000000e+00 0.000000e+00
1.288480e+00 7.853982e-01 2.011996e+00 2.088753e+00 3.911479e-02 0.000000e+00 0.000000e+00
1.288480e+00 1.570796e+00 2.011996e+00 2.088753e+00 3.911479e-02 0.000000e+00 0.000000e+00
1.336175e+00 0.000000e+00 1.955938e+00 1.976384e+00 3.900254e-02 0.000000e+00 0.000000e+00
1.336175e+00 7.853982e-01 1.955938e+00 1.976384e+00 3.900254e-02 0.000000e+00 0.000000e+00
1.336175e+00 1.570796e+00 1.955938e+00 1.976384e+00 3.900254e-02 0.000000e+00 0.000000e+00
1.385014e+00 0.000000e+00 1.903275e+00 1.874648e+00 3.881254e-02 0.000000e+00 0.000000e+00
1.385014e+00 7.853982e-01 1.903275e+00 1.874648e+00 3.881254e-02 0.000000e+00 0.000000e+00
1.385014e+00 1.570796e+00 1.903275e+00 1.874648e+00 3.881254e-02 0.000000e+00 0.000000e+00
1.435024e+00 0.000000e+00 1.853112e+00 1.782513e+00 3.858894e-02 0.000000e+00 0.000000e+00
1.435024e+00 7.853982e-01 1.853112e+00 1.782513e+00 3.858894e-02 0.000000e+00 0.000000e+00
1.435024e+00 1.570796e+00 1.853112e+00 1.782513e+00 3.858894e-02 0.000000e+00 0.000000e+00
1.486234e+00 0.000000e+00 1.804980e+00 1.699070e+00 3.837813e-02 0.000000e+00 0.000000e+00
1.486234e+00 7.853982e-01 1.804980e+00 1.699070e+00 3.837813e-02 0.000000e+00 0.000000e+00
1.486234e+00 1.570796e+00 1.804980e+00 1.699070e+00 3.837813e-02 0.000000e+00 0.000000e+00
1.538672e+00 0.000000e+00 1.758682e+00 1.623518e+00 3.822777e-02 0.000000e+00 0.000000e+00
1.538672e+00 7.853982e-01 1.758682e+00 1.623518e+00 3.822777e-02 0.000000e+00 0.000000e+00
1.538672e+00 1.570796e+00 1.758682e+00 1.623518e+00 3.822777e-02 0.000000e+00 0.000000e+00
1.592368e+00 0.000000e+00 1.714223e+00 1.555191e+00 3.817046e-02 0.000000e+00 0.000000e+00
1.592368e+00 7.853982e-01 1.714223e+00 1.555191e+00 3.817046e-02 0.000000e+00 0.000000e+00
1.592368e+00 1.570796e+00 1.714223e+00 1.555191e+00 3.817046e-02 0.000000e+00 0.000000e+00
1.647352e+00 0.000000e+00 1.671584e+00 1.493369e+00 3.824370e-02 0.000000e+00 0.000000e+00
1.647352e+00 7.853982e-01 1.671584e+00 1.493369e+00 3.824370e-02 0.000000e+00 0.000000e+00
1.647352e+00 1.570796e+00 1.671584e+00 1.493369e+00 3.824370e-02 0.000000e+00 0.000000e+00
1.703654e+00 0.000000e+00 1.630935e+00 1.437566e+00 3.849471e-02 0.000000e+00 0.000000e+00
1.703654e+00 7.853982e-01 1.630935e+00 1.437566e+00 3.849471e-02 0.000000e+00 0.000000e+00
1.703654e+00 1.570796e+00 1.630935e+00 1.437566e+00 3.849471e-02 0.000000e+00 0.000000e+00
1.761307e+00 0.000000e+00 1.592357e+00 1.387232e+00 3.894548e-02 0.000000e+00 0.000000e+00
1.761307e+00 7.853982e-01 1.592357e+00 1.387232e+00 3.894548e-02 0.000000e+00 0.000000e+00
1.761307e+00 1.570796e+00 1.592357e+00 1.387232e+00 3.894548e-02 0.000000e+00 0.000000e+00
1.820343e+00 0.000000e+00 1.555938e+00 1.341878e+00 3.961189e-02 0.000000e+00 0.000000e+00
1.820343e+00 7.853982e-01 1.555938e+00 1.341878e+00 3.961189e-02 0.000000e+00 0.000000e+00
1.820343e+00 1.570796e+00 1.555938e+00 1.341878e+00 3.961189e-02 0.000000e+00 0.000000e+00
1.880795e+00 0.000000e+00 1.521763e+00 1.301073e+00 4.051135e-02 0.000000e+00 0.000000e+00
1.880795e+00 7.853982e-01 1.521763e+00 1.301073e+00 4.051135e-02 0.000000e+00 0.000000e+00
1.880795e+00 1.570796e+00 1.521763e+00 1.301073e+00 4.051135e-02 0.000000e+00 0.000000e+00
1.942697e+00 0.000000e+00 1.489894e+00 1.264420e+00 4.165405e-02 0.000000e+00 0.000000e+00
1.942697e+00 7.853982e-01 1.489894e+00 1.264420e+00 4.165405e-02 0.000000e+00 0.000000e+00
1.942697e+00 1.570796e+00 1.489894e+00 1.264420e+00 4.165405e-02 0.000000e+00 0.000000e+00
2.006083e+00 0.000000e+00 1.460370e+00 1.231552e+00 4.304302e-02 0.000000e+00 0.000000e+00
2.006083e+00 7.853982e-01 1.460370e+00 1.231552e+00 4.304302e-02 0.000000e+00 0.000000e+00
2.006083e+00 1.570796e+00 1.460370e+00 1.231552e+00 4.304302e-02 0.000000e+00 0.000000e+00
2.070990e+00 0.000000e+00 1.433204e+00 1.202135e+00 4.467498e-02 0.000000e+00 0.000000e+00
2.070990e+00 7.853982e-01 1.433204e+00 1.202135e+00 4.467498e-02 0.000000e+00 0.000000e+00
2.070990e+00 1.570796e+00 1.433204e+00 1.202135e+00 4.467498e-02 0.000000e+00 0.000000e+00
2.137454e+00 0.000000e+00 1.408381e+00 1.175861e+00 4.654074e-02 0.000000e+00 0.000000e+00
2.137454e+00 7.853982e-01 1.408381e+00 1.175861e+00 4.654074e-02 0.000000e+00 0.000000e+00
2.137454e+00 1.570796e+00 1.408381e+00 1.175861e+00 4.654074e-02 0.000000e+00 0.000000e+00
2.205512e+00 0.000000e+00 1.385865e+00 1.152450e+00 4.862550e-02 0.000000e+00 0.000000e+00
2.205512e+00 7.853982e-01 1.385865e+00 1.152450e+00 4.862550e-02 0.000000e+00 0.000000e+00
2.205512e+00 1.570796e+00 1.385865e+00 1.152450e+00 4.862550e-02 0.000000e+00 0.000000e+00
2.275203e+00 0.000000e+00 1.365593e+00 1.131643e+00 5.090943e-02 0.000000e+00 0.000000e+00
2.275203e+00 7.853982e-01 1.365593e+00 1.131643e+00 5.090943e-02 0.000000e+00 0.000000e+00
2.275203e+00 1.570796e+00 1.365593e+00 1.131643e+00 5.090943e-02 0.000000e+00 0.000000e+00
2.346564e+00 0.000000e+00 1.347483e+00 1.113202e+00 5.336825e-02 0.000000e+00 0.000000e+00
2.346564e+00 7.853982e-01 1.347483e+00 1.113202e+00 5.336825e-02 0.000000e+00 0.000000e+00
2.346564e+00 1.570796e+00 1.347483e+00 1.113202e+00 5.336825e-02 0.000000e+00 0.000000e+00
2.419638e+00 0.000000e+00 1.331429e+00 1.096911e+00 5.597376e-02 0.000000e+00 0.000000e+00
2.419638e+00 7.853982e-01 1.331429e+00 1.096911e+00 5.597376e-02 0.000000e+00 0.000000e+00
2.419638e+00 1.570796e+00 1.331429e+00 1.096911e+00 5.597376e-02 0.000000e+00 0.000000e+00
2.494464e+00 0.000000e+00 1.317313e+00 1.082572e+00 5.869417e-02 0.000000e+00 0.000000e+00
2.494464e+00 7.853982e-01 1.317313e+00 1.082572e+00 5.869417e-02 0.000000e+00 0.000000e+00
2.494464e+00 1.570796e+00 1.317313e+00 1.082572e+00 5.869417e-02 0.000000e+00 0.000000e+00
2.571085e+00 0.000000e+00 1.304999e+00 1.069999e+00 6.149431e-02 0.000000e+00 0.000000e+00
2.571085e+00 7.853982e-01 1.304999e+00 1.069999e+00 6.149431e-02 0.000000e+00 0.000000e+00
2.571085e+00 1.570796e+00 1.304999e+00 1.069999e+00 6.149431e-02 0.000000e+00 0.000000e+00
2.649544e+00 0.000000e+00 1.294340e+00 1.059021e+00 6.433558e-02 0.000000e+00 0.000000e+00
2.649544e+00 7.853982e-01 1.294340e+00 1.059021e+00 6.433558e-02 0.000000e+00 0.000000e+00
2.649544e+00 1.570796e+00 1.294340e+00 1.059021e+00 6.433558e-02 0.000000e+00 0.000000e+00
2.729885e+00 0.000000e+00 1.285183e+00 1.049480e+00 6.717581e-02 0.000000e+00 0.000000e+00
2.729885e+00 7.853982e-01 1.285183e+00 1.049480e+00 6.717581e-02 0.000000e+00 0.000000e+00
2.729885e+00 1.570796e+00 1.285183e+00 1.049480e+00 6.717581e-02 0.000000e+00 0.000000e+00
2.812153e+00 0.000000e+00 1.277370e+00 1.041223e+00 6.996915e-02 0.000000e+00 0.000000e+00
2.812153e+00 7.853982e-01 1.277370e+00 1.041223e+00 6.996915e-02 0.000000e+00 0.000000e+00
2.812153e+00 1.570796e+00 1.277370e+00 1.041223e+00 6.996915e-02 0.000000e+00 0.000000e+00
2.896394e+00 0.000000e+00 1.270742e+00 1.034108e+00 7.266568e-02 0.000000e+00 0.000000e+00
2.896394e+00 7.853982e-01 1.270742e+00 1.034108e+00 7.266568e-02 0.000000e+00 0.000000e+00
2.896394e+00 1.570796e+00 1.270742e+00 1.034108e+00 7.266568e-02 0.000000e+00 0.000000e+00
2.982655e+00 0.000000e+00 1.265141e+00 1.027996e+00 7.521165e-02 0.000000e+00 0.000000e+00
2.982655e+00 7.853982e-01 1.265141e+00 1.027996e+00 7.521165e-02 0.000000e+00 0.000000e+00
2.982655e+00 1.570796e+00 1.265141e+00 1.027996e+00 7.521165e-02 0.000000e+00 0.000000e+00
3.070986e+00 0.000000e+00 1.260411e+00 1.022754e+00 7.755235e-02 0.000000e+00 0.000000e+00
3.070986e+00 7.853982e-01 1.260411e+00 1.022754e+00 7.755235e-02 0.000000e+00 0.000000e+00
3.070986e+00 1.570796e+00 1.260411e+00 1.022754e+00 7.755235e-02 0.000000e+00 0.000000e+00
3.161435e+00 0.000000e+00 1.256401e+00 1.018249e+00 7.963225e-02 0.000000e+00 0.000000e+00
3.161435e+00 7.853982e-01 1.256401e+00 1.018249e+00 7.963225e-02 0.000000e+00 0.000000e+00
3.161435e+00 1.570796e+00 1.256401e+00 1.018249e+00 7.963225e-02 0.000000e+00 0.000000e+00
3.254054e+00 0.000000e+00 1.252971e+00 1.014355e+00 8.138929e-02 0.000000e+00 0.000000e+00
3.254054e+00 7.853982e-01 1.252971e+00 1.014355e+00 8.138929e-02 0.000000e+00 0.000000e+00
3.254054e+00 1.570796e+00 1.252971e+00 1.014355e+00 8.138929e-02 0.000000e+00 0.000000e+00
3.348894e+00 0.000000e+00 1.249989e+00 1.010951e+00 8.278375e-02 0.000000e+00 0.000000e+00
3.348894e+00 7.853982e-01 1.249989e+00 1.010951e+00 8.278375e-02 0.000000e+00 0.000000e+00
3.348894e+00 1.570796e+00 1.249989e+00 1.010951e+00 8.278375e-02 0.000000e+00 0.000000e+00
3.446009e+00 0.000000e+00 1.247366e+00 1.007955e+00 8.383380e-02 0.000000e+00 0.000000e+00
3.446009e+00 7.853982e-01 1.247366e+00 1.007955e+00 8.383380e-02 0.000000e+00 0.000000e+00
3.446009e+00 1.570796e+00 1.247366e+00 1.007955e+00 8.383380e-02 0.000000e+00 0.000000e+00
3.545454e+00 0.000000e+00 1.245020e+00 1.005288e+00 8.440280e-02 0.000000e+00 0.000000e+00
3.545454e+00 7.853982e-01 1.245020e+00 1.005288e+00 8.440280e-02 0.000000e+00 0.000000e+00
3.545454e+00 1.570796e+00 1.245020e+00 1.005288e+00 8.440280e-02 0.000000e+00 0.000000e+00
3.647283e+00 0.000000e+00 1.242550e+00 1.002519e+00 8.444100e-02 0.000000e+00 0.000000e+00
3.647283e+00 7.853982e-01 1.242550e+00 1.002519e+00 8.444100e-02 0.000000e+00 0.000000e+00
3.647283e+00 1.570796e+00 1.242550e+00 1.002519e+00 8.444100e-02 0.000000e+00 0.000000e+00
3.751555e+00 0.000000e+00 1.240315e+00 1.000038e+00 8.406450e-02 0.000000e+00 0.000000e+00
3.751555e+00 7.853982e-01 1.240315e+00 1.000038e+00 8.406450e-02 0.000000e+00 0.000000e+00
3.751555e+00 1.570796e+00 1.240315e+00 1.000038e+00 8.406450e-02 0.000000e+00 0.000000e+00
3.858328e+00 0.000000e+00 1.238052e+00 9.975544e-01 8.323274e-02 0.000000e+00 0.000000e+00
3.858328e+00 7.853982e-01 1.238052e+00 9.975544e-01 8.323274e-02 0.000000e+00 0.000000e+00
3.858328e+00 1.570796e+00 1.238052e+00 9.975544e-01 8.323274e-02 0.000000e+00 0.000000e+00
3.967663e+00 0.000000e+00 1.235787e+00 9.950921e-01 8.199014e-02 0.000000e+00 0.000000e+00
3.967663e+00 7.853982e-01 1.235787e+00 9.950921e-01 8.199014e-02 0.000000e+00 0.000000e+00
3.967663e+00 1.570796e+00 1.235787e+00 9.950921e-01 8.199014e-02 0.000000e+00 0.000000e+00
4.079619e+00 0.000000e+00 1.233515e+00 9.926401e-01 8.038383e-02 0.000000e+00 0.000000e+00
4.079619e+00 7.853982e-01 1.233515e+00 9.926401e-01 8.038383e-02 0.000000e+00 0.000000e+00
4.079619e+00 1.570796e+00 1.233515e+00 9.926401e-01 8.038383e-02 0.000000e+00 0.000000e+00
4.194261e+00 0.000000e+00 1.231236e+00 9.901913e-01 7.846105e-02 0.000000e+00 0.000000e+00
4.194261e+00 7.853982e-01 1.231236e+00 9.901913e-01 7.846105e-02 0.000000e+00 0.000000e+00
4.194261e+00 1.570796e+00 1.231236e+00 9.901913e-01 7.846105e-02 0.000000e+00 0.000000e+00
4.311653e+00 0.000000e+00 1.228949e+00 9.877419e-01 7.627008e-02 0.000000e+00 0.000000e+00
4.311653e+00 7.853982e-01 1.228949e+00 9.877419e-01 7.627008e-02 0.000000e+00 0.000000e+00
4.311653e+00 1.570796e+00 1.228949e+00 9.877419e-01 7.627008e-02 0.000000e+00 0.000000e+00
4.431860e+00 0.000000e+00 1.226657e+00 9.852883e-01 7.385876e-02 0.000000e+00 0.000000e+00
4.431860e+00 7.853982e-01 1.226657e+00 9.852883e-01 7.385876e-02 0.000000e+00 0.000000e+00
4.431860e+00 1.570796e+00 1.226657e+00 9.852883e-01 7.385876e-02 0.000000e+00 0.000000e+00
4.554951e+00 0.000000e+00 1.224352e+00 9.828216e-01 7.127132e-02 0.000000e+00 0.000000e+00
4.554951e+00 7.853982e-01 1.224352e+00 9.828216e-01 7.127132e-02 0.000000e+00 0.000000e+00
4.554951e+00 1.570796e+00 1.224352e+00 9.828216e-01 7.127132e-02 0.000000e+00 0.000000e+00
4.680994e+00 0.000000e+00 1.222017e+00 9.803207e-01 6.854299e-02 0.000000e+00 0.000000e+00
4.680994e+00 7.853982e-01 1.222017e+00 9.803207e-01 6.854299e-02 0.000000e+00 0.000000e+00
4.680994e+00 1.570796e+00 1.222017e+00 9.803207e-01 6.854299e-02 0.000000e+00 0.000000e+00
4.810060e+00 0.000000e+00 1.219618e+00 9.777488e-01 6.569568e-02 0.000000e+00 0.000000e+00
4.810060e+00 7.853982e-01 1.219618e+00 9.777488e-01 6.569568e-02 0.000000e+00 0.000000e+00
4.810060e+00 1.570796e+00 1.219618e+00 9.777488e-01 6.569568e-02 0.000000e+00 0.000000e+00
4.942222e+00 0.000000e+00 1.217107e+00 9.750567e-01 6.273789e-02 0.000000e+00 0.000000e+00
4.942222e+00 7.853982e-01 1.217107e+00 9.750567e-01 6.273789e-02 0.000000e+00 0.000000e+00
4.942222e+00 1.570796e+00 1.217107e+00 9.750567e-01 6.273789e-02 0.000000e+00 0.000000e+00
5.077554e+00 0.000000e+00 1.214434e+00 9.721912e-01 5.966935e-02 0.000000e+00 0.000000e+00
5.077554e+00 7.853982e-01 1.214434e+00 9.721912e-01 5.966935e-02 0.000000e+00 0.000000e+00
5.077554e+00 1.570796e+00 1.214434e+00 9.721912e-01 5.966935e-02 0.000000e+00 0.000000e+00
5.216132e+00 0.000000e+00 1.211554e+00 9.691049e-01 5.648827e-02 0.000000e+00 0.000000e+00
5.216132e+00 7.853982e-01 1.211554e+00 9.691049e-01 5.648827e-02 0.000000e+00 0.000000e+00
5.216132e+00 1.570796e+00 1.211554e+00 9.691049e-01 5.648827e-02 0.000000e+00 0.000000e+00
5.358034e+00 0.000000e+00 1.208432e+00 9.657640e-01 5.319851e-02 0.000000e+00 0.000000e+00
5.358034e+00 7.853982e-01 1.208432e+00 9.657640e-01 5.319851e-02 0.000000e+00 0.000000e+00
5.358034e+00 1.570796e+00 1.208432e+00 9.657640e-01 5.319851e-02 0.000000e+00 0.000000e+00
5.503339e+00 0.000000e+00 1.205051e+00 9.621509e-01 4.981410e-02 0.000000e+00 0.000000e+00
5.503339e+00 7.853982e-01 1.205051e+00 9.621509e-01 4.981410e-02 0.000000e+00 0.000000e+00
5.503339e+00 1.570796e+00 1.205051e+00 9.621509e-01 4.981410e-02 0.000000e+00 0.000000e+00
5.652130e+00 0.000000e+00 1.201410e+00 9.582654e-01 4.636014e-02 0.000000e+00 0.000000e+00
5.652130e+00 7.853982e-01 1.201410e+00 9.582654e-01 4.636014e-02 0.000000e+00 0.000000e+00
5.652130e+00 1.570796e+00 1.201410e+00 9.582654e-01 4.636014e-02 0.000000e+00 0.000000e+00
5.804489e+00 0.000000e+00 1.197522e+00 9.541236e-01 4.287007e-02 0.000000e+00 0.000000e+00
5.804489e+00 7.853982e-01 1.197522e+00 9.541236e-01 4.287007e-02 0.000000e+00 0.000000e+00
5.804489e+00 1.570796e+00 1.197522e+00 9.541236e-01 4.287007e-02 0.000000e+00 0.000000e+00
5.960503e+00 0.000000e+00 1.193417e+00 9.497572e-01 3.938133e-02 0.000000e+00 0.000000e+00
5.960503e+00 7.853982e-01 1.193417e+00 9.497572e-01 3.938133e-02 0.000000e+00 0.000000e+00
5.960503e+00 1.570796e+00 1.193417e+00 9.497572e-01 3.938133e-02 0.000000e+00 0.000000e+00
6.120259e+00 0.000000e+00 1.189136e+00 9.452103e-01 3.593168e-02 0.000000e+00 0.000000e+00
6.120259e+00 7.853982e-01 1.189136e+00 9.452103e-01 3.593168e-02 0.000000e+00 0.000000e+00
6.120259e+00 1.570796e+00 1.189136e+00 9.452103e-01 3.593168e-02 0.000000e+00 0.000000e+00
6.283847e+00 0.000000e+00 1.184724e+00 9.405320e-01 3.255809e-02 0.000000e+00 0.000000e+00
6.283847e+00 7.853982e-01 1.184724e+00 9.405320e-01 3.255809e-02 0.000000e+00 0.000000e+00
6.283847e+00 1.570796e+00 1.184724e+00 9.405320e-01 3.255809e-02 0.000000e+00 0.000000e+00
6.451358e+00 0.000000e+00 1.180226e+00 9.357682e-01 2.929729e-02 0.000000e+00 0.000000e+00
6.451358e+00 7.853982e-01 1.180226e+00 9.357682e-01 2.929729e-02 0.000000e+00 0.000000e+00
6.451358e+00 1.570796e+00 1.180226e+00 9.357682e-01 2.929729e-02 0.000000e+00 0.000000e+00
6.622888e+00 0.000000e+00 1.175676e+00 9.309550e-01 2.618537e-02 0.000000e+00 0.000000e+00
6.622888e+00 7.853982e-01 1.175676e+00 9.309550e-01 2.618537e-02 0.000000e+00 0.000000e+00
6.622888e+00 1.570796e+00 1.175676e+00 9.309550e-01 2.618537e-02 0.000000e+00 0.000000e+00
6.798531e+00 0.000000e+00 1.171100e+00 9.261180e-01 2.325437e-02 0.000000e+00 0.000000e+00
6.798531e+00 7.853982e-01 1.171100e+00 9.261180e-01 2.325437e-02 0.000000e+00 0.000000e+00
6.798531e+00 1.570796e+00 1.171100e+00 9.261180e-01 2.325437e-02 0.000000e+00 0.000000e+00
6.978388e+00 0.000000e+00 1.166515e+00 9.212762e-01 2.052712e-02 0.000000e+00 0.000000e+00
6.978388e+00 7.853982e-01 1.166515e+00 9.212762e-01 2.052712e-02 0.000000e+00 0.000000e+00
6.978388e+00 1.570796e+00 1.166515e+00 9.212762e-01 2.052712e-02 0.000000e+00 0.000000e+00
7.162558e+00 0.000000e+00 1.161938e+00 9.164461e-01 1.801436e-02 0.000000e+00 0.000000e+00
7.162558e+00 7.853982e-01 1.161938e+00 9.164461e-01 1.801436e-02 0.000000e+00 0.000000e+00
7.162558e+00 1.570796e+00 1.161938e+00 9.164461e-01 1.801436e-02 0.000000e+00 0.000000e+00
7.351146e+00 0.000000e+00 1.157382e+00 9.116410e-01 1.571654e-02 0.000000e+00 0.000000e+00
7.351146e+00 7.853982e-01 1.157382e+00 9.116410e-01 1.571654e-02 0.000000e+00 0.000000e+00
7.351146e+00 1.570796e+00 1.157382e+00 9.116410e-01 1.571654e-02 0.000000e+00 0.000000e+00
7.544258e+00 0.000000e+00 1.152855e+00 9.068692e-01 1.362896e-02 0.000000e+00 0.000000e+00
7.544258e+00 7.853982e-01 1.152855e+00 9.068692e-01 1.362896e-02 0.000000e+00 0.000000e+00
7.544258e+00 1.570796e+00 1.152855e+00 9.068692e-01 1.362896e-02 0.000000e+00 0.000000e+00
7.742001e+00 0.000000e+00 1.148358e+00 9.021327e-01 1.174593e-02 0.000000e+00 0.000000e+00
7.742001e+00 7.853982e-01 1.148358e+00 9.021327e-01 1.174593e-02 0.000000e+00 0.000000e+00
7.742001e+00 1.570796e+00 1.148358e+00 9.021327e-01 1.174593e-02 0.000000e+00 0.000000e+00
7.944487e+00 0.000000e+00 1.143891e+00 8.974294e-01 1.006164e-02 0.000000e+00 0.000000e+00
7.944487e+00 7.853982e-01 1.143891e+00 8.974294e-01 1.006164e-02 0.000000e+00 0.000000e+00
7.944487e+00 1.570796e+00 1.143891e+00 8.974294e-01 1.006164e-02 0.000000e+00 0.000000e+00
8.151830e+00 0.000000e+00 1.139449e+00 8.927577e-01 8.569077e-03 0.000000e+00 0.000000e+00
8.151830e+00 7.853982e-01 1.139449e+00 8.927577e-01 8.569077e-03 0.000000e+00 0.000000e+00
8.151830e+00 1.570796e+00 1.139449e+00 8.927577e-01 8.569077e-03 0.000000e+00 0.000000e+00
8.364146e+00 0.000000e+00 1.135034e+00 8.881184e-01 7.260054e-03 0.000000e+00 0.000000e+00
8.364146e+00 7.853982e-01 1.135034e+00 8.881184e-01 7.260054e-03 0.000000e+00 0.000000e+00
8.364146e+00 1.570796e+00 1.135034e+00 8.881184e-01 7.260054e-03 0.000000e+00 0.000000e+00
8.581555e+00 0.000000e+00 1.130646e+00 8.835139e-01 6.126195e-03 0.000000e+00 0.000000e+00
8.581555e+00 7.853982e-01 1.130646e+00 8.835139e-01 6.126195e-03 0.000000e+00 0.000000e+00
8.581555e+00 1.570796e+00 1.130646e+00 8.835139e-01 6.126195e-03 0.000000e+00 0.000000e+00
8.804179e+00 0.000000e+00 1.126289e+00 8.789497e-01 5.163547e-03 0.000000e+00 0.000000e+00
8.804179e+00 7.853982e-01 1.126289e+00 8.789497e-01 5.163547e-03 0.000000e+00 0.000000e+00
8.804179e+00 1.570796e+00 1.126289e+00 8.789497e-01 5.163547e-03 0.000000e+00 0.000000e+00
9.032142e+00 0.000000e+00 1.121957e+00 8.744190e-01 4.361798e-03 0.000000e+00 0.000000e+00
9.032142e+00 7.853982e-01 1.121957e+00 8.744190e-01 4.361798e-03 0.000000e+00 0.000000e+00
9.032142e+00 1.570796e+00 1.121957e+00 8.744190e-01 4.361798e-03 0.000000e+00 0.000000e+00
9.265573e+00 0.000000e+00 1.117681e+00 8.699575e-01 3.764724e-03 0.000000e+00 0.000000e+00
9.265573e+00 7.853982e-01 1.117681e+00 8.699575e-01 3.764724e-03 0.000000e+00 0.000000e+00
9.265573e+00 1.570796e+00 1.117681e+00 8.699575e-01 3.764724e-03 0.000000e+00 0.000000e+00
9.504603e+00 0.000000e+00 1.113241e+00 8.653372e-01 3.263395e-03 0.000000e+00 0.000000e+00
9.504603e+00 7.853982e-01 1.113241e+00 8.653372e-01 3.263395e-03 0.000000e+00 0.000000e+00
9.504603e+00 1.570796e+00 1.113241e+00 8.653372e-01 3.263395e-03 0.000000e+00 0.000000e+00
9.749366e+00 0.000000e+00 1.109149e+00 8.610907e-01 3.262183e-03 0.000000e+00 0.000000e+00
9.749366e+00 7.853982e-01 1.109149e+00 8.610907e-01 3.262183e-03 0.000000e+00 0.000000e+00
9.749366e+00 1.570796e+00 1.109149e+00 8.610907e-01 3.262183e-03 0.000000e+00 0.000000e+00
1.000000e+01 0.000000e+00 1.103348e+00 8.550893e-01 -7.943370e-04 0.000000e+00 0.000000e+00
1.000000e+01 7.853982e-01 1.103348e+00 8.550893e-01 -7.943370e-04 0.000000e+00 0.000000e+00
1.000000e+01 1.570796e+00 1.103348e+00 8.550893e-01 -7.943370e-04 0.000000e+00 0.000000e+00
