###############PARAM###############
3.700001e+03 
101 
3 
###################################
3.000000e-01 0.000000e+00 9.002844e+00 1.839820e+01 -1.059685e+00 0.000000e+00 0.000000e+00
3.000000e-01 7.853982e-01 9.002844e+00 1.839820e+01 -1.059685e+00 0.000000e+00 0.000000e+00
3.000000e-01 1.570796e+00 9.002844e+00 1.839820e+01 -1.059685e+00 0.000000e+00 0.000000e+00
3.970000e-01 0.000000e+00 6.573009e+00 9.532079e+00 -3.372524e-01 0.000000e+00 0.000000e+00
3.970000e-01 7.853982e-01 6.573009e+00 9.532079e+00 -3.372524e-01 0.000000e+00 0.000000e+00
3.970000e-01 1.570796e+00 6.573009e+00 9.532079e+00 -3.372524e-01 0.000000e+00 0.000000e+00
4.940000e-01 0.000000e+00 5.452495e+00 6.044472e+00 -3.519037e-01 0.000000e+00 0.000000e+00
4.940000e-01 7.853982e-01 5.452495e+00 6.044472e+00 -3.519037e-01 0.000000e+00 0.000000e+00
4.940000e-01 1.570796e+00 5.452495e+00 6.044472e+00 -3.519037e-01 0.000000e+00 0.000000e+00
5.910000e-01 0.000000e+00 4.076684e+00 4.370622e+00 -3.289908e-01 0.000000e+00 0.000000e+00
5.910000e-01 7.853982e-01 4.076684e+00 4.370622e+00 -3.289908e-01 0.000000e+00 0.000000e+00
5.910000e-01 1.570796e+00 4.076684e+00 4.370622e+00 -3.289908e-01 0.000000e+00 0.000000e+00
6.880000e-01 0.000000e+00 3.162873e+00 3.508589e+00 -2.949098e-01 0.000000e+00 0.000000e+00
6.880000e-01 7.853982e-01 3.162873e+00 3.508589e+00 -2.949098e-01 0.000000e+00 0.000000e+00
6.880000e-01 1.570796e+00 3.162873e+00 3.508589e+00 -2.949098e-01 0.000000e+00 0.000000e+00
7.850000e-01 0.000000e+00 2.729090e+00 2.993558e+00 -2.600935e-01 0.000000e+00 0.000000e+00
7.850000e-01 7.853982e-01 2.729090e+00 2.993558e+00 -2.600935e-01 0.000000e+00 0.000000e+00
7.850000e-01 1.570796e+00 2.729090e+00 2.993558e+00 -2.600935e-01 0.000000e+00 0.000000e+00
8.820000e-01 0.000000e+00 2.520141e+00 2.639580e+00 -2.286765e-01 0.000000e+00 0.000000e+00
8.820000e-01 7.853982e-01 2.520141e+00 2.639580e+00 -2.286765e-01 0.000000e+00 0.000000e+00
8.820000e-01 1.570796e+00 2.520141e+00 2.639580e+00 -2.286765e-01 0.000000e+00 0.000000e+00
9.790000e-01 0.000000e+00 2.368834e+00 2.375955e+00 -2.016172e-01 0.000000e+00 0.000000e+00
9.790000e-01 7.853982e-01 2.368834e+00 2.375955e+00 -2.016172e-01 0.000000e+00 0.000000e+00
9.790000e-01 1.570796e+00 2.368834e+00 2.375955e+00 -2.016172e-01 0.000000e+00 0.000000e+00
1.076000e+00 0.000000e+00 2.227205e+00 2.172639e+00 -1.787238e-01 0.000000e+00 0.000000e+00
1.076000e+00 7.853982e-01 2.227205e+00 2.172639e+00 -1.787238e-01 0.000000e+00 0.000000e+00
1.076000e+00 1.570796e+00 2.227205e+00 2.172639e+00 -1.787238e-01 0.000000e+00 0.000000e+00
1.173000e+00 0.000000e+00 2.098221e+00 2.012522e+00 -1.593733e-01 0.000000e+00 0.000000e+00
1.173000e+00 7.853982e-01 2.098221e+00 2.012522e+00 -1.593733e-01 0.000000e+00 0.000000e+00
1.173000e+00 1.570796e+00 2.098221e+00 2.012522e+00 -1.593733e-01 0.000000e+00 0.000000e+00
1.270000e+00 0.000000e+00 1.989572e+00 1.883901e+00 -1.429313e-01 0.000000e+00 0.000000e+00
1.270000e+00 7.853982e-01 1.989572e+00 1.883901e+00 -1.429313e-01 0.000000e+00 0.000000e+00
1.270000e+00 1.570796e+00 1.989572e+00 1.883901e+00 -1.429313e-01 0.000000e+00 0.000000e+00
1.367000e+00 0.000000e+00 1.901613e+00 1.778495e+00 -1.288637e-01 0.000000e+00 0.000000e+00
1.367000e+00 7.853982e-01 1.901613e+00 1.778495e+00 -1.288637e-01 0.000000e+00 0.000000e+00
1.367000e+00 1.570796e+00 1.901613e+00 1.778495e+00 -1.288637e-01 0.000000e+00 0.000000e+00
1.464000e+00 0.000000e+00 1.830040e+00 1.690538e+00 -1.167449e-01 0.000000e+00 0.000000e+00
1.464000e+00 7.853982e-01 1.830040e+00 1.690538e+00 -1.167449e-01 0.000000e+00 0.000000e+00
1.464000e+00 1.570796e+00 1.830040e+00 1.690538e+00 -1.167449e-01 0.000000e+00 0.000000e+00
1.561000e+00 0.000000e+00 1.770029e+00 1.616022e+00 -1.062379e-01 0.000000e+00 0.000000e+00
1.561000e+00 7.853982e-01 1.770029e+00 1.616022e+00 -1.062379e-01 0.000000e+00 0.000000e+00
1.561000e+00 1.570796e+00 1.770029e+00 1.616022e+00 -1.062379e-01 0.000000e+00 0.000000e+00
1.658000e+00 0.000000e+00 1.718133e+00 1.552113e+00 -9.707384e-02 0.000000e+00 0.000000e+00
1.658000e+00 7.853982e-01 1.718133e+00 1.552113e+00 -9.707384e-02 0.000000e+00 0.000000e+00
1.658000e+00 1.570796e+00 1.718133e+00 1.552113e+00 -9.707384e-02 0.000000e+00 0.000000e+00
1.755000e+00 0.000000e+00 1.672362e+00 1.496738e+00 -8.903637e-02 0.000000e+00 0.000000e+00
1.755000e+00 7.853982e-01 1.672362e+00 1.496738e+00 -8.903637e-02 0.000000e+00 0.000000e+00
1.755000e+00 1.570796e+00 1.672362e+00 1.496738e+00 -8.903637e-02 0.000000e+00 0.000000e+00
1.852000e+00 0.000000e+00 1.631640e+00 1.448335e+00 -8.195008e-02 0.000000e+00 0.000000e+00
1.852000e+00 7.853982e-01 1.631640e+00 1.448335e+00 -8.195008e-02 0.000000e+00 0.000000e+00
1.852000e+00 1.570796e+00 1.631640e+00 1.448335e+00 -8.195008e-02 0.000000e+00 0.000000e+00
1.949000e+00 0.000000e+00 1.595296e+00 1.405691e+00 -7.567180e-02 0.000000e+00 0.000000e+00
1.949000e+00 7.853982e-01 1.595296e+00 1.405691e+00 -7.567180e-02 0.000000e+00 0.000000e+00
1.949000e+00 1.570796e+00 1.595296e+00 1.405691e+00 -7.567180e-02 0.000000e+00 0.000000e+00
2.046000e+00 0.000000e+00 1.562790e+00 1.367856e+00 -7.008401e-02 0.000000e+00 0.000000e+00
2.046000e+00 7.853982e-01 1.562790e+00 1.367856e+00 -7.008401e-02 0.000000e+00 0.000000e+00
2.046000e+00 1.570796e+00 1.562790e+00 1.367856e+00 -7.008401e-02 0.000000e+00 0.000000e+00
2.143000e+00 0.000000e+00 1.533624e+00 1.334071e+00 -6.508959e-02 0.000000e+00 0.000000e+00
2.143000e+00 7.853982e-01 1.533624e+00 1.334071e+00 -6.508959e-02 0.000000e+00 0.000000e+00
2.143000e+00 1.570796e+00 1.533624e+00 1.334071e+00 -6.508959e-02 0.000000e+00 0.000000e+00
2.240000e+00 0.000000e+00 1.507331e+00 1.303727e+00 -6.060782e-02 0.000000e+00 0.000000e+00
2.240000e+00 7.853982e-01 1.507331e+00 1.303727e+00 -6.060782e-02 0.000000e+00 0.000000e+00
2.240000e+00 1.570796e+00 1.507331e+00 1.303727e+00 -6.060782e-02 0.000000e+00 0.000000e+00
2.337000e+00 0.000000e+00 1.483503e+00 1.276330e+00 -5.657117e-02 0.000000e+00 0.000000e+00
2.337000e+00 7.853982e-01 1.483503e+00 1.276330e+00 -5.657117e-02 0.000000e+00 0.000000e+00
2.337000e+00 1.570796e+00 1.483503e+00 1.276330e+00 -5.657117e-02 0.000000e+00 0.000000e+00
2.434000e+00 0.000000e+00 1.461793e+00 1.251475e+00 -5.292283e-02 0.000000e+00 0.000000e+00
2.434000e+00 7.853982e-01 1.461793e+00 1.251475e+00 -5.292283e-02 0.000000e+00 0.000000e+00
2.434000e+00 1.570796e+00 1.461793e+00 1.251475e+00 -5.292283e-02 0.000000e+00 0.000000e+00
2.531000e+00 0.000000e+00 1.441918e+00 1.228828e+00 -4.961473e-02 0.000000e+00 0.000000e+00
2.531000e+00 7.853982e-01 1.441918e+00 1.228828e+00 -4.961473e-02 0.000000e+00 0.000000e+00
2.531000e+00 1.570796e+00 1.441918e+00 1.228828e+00 -4.961473e-02 0.000000e+00 0.000000e+00
2.628000e+00 0.000000e+00 1.423651e+00 1.208111e+00 -4.660596e-02 0.000000e+00 0.000000e+00
2.628000e+00 7.853982e-01 1.423651e+00 1.208111e+00 -4.660596e-02 0.000000e+00 0.000000e+00
2.628000e+00 1.570796e+00 1.423651e+00 1.208111e+00 -4.660596e-02 0.000000e+00 0.000000e+00
2.725000e+00 0.000000e+00 1.406803e+00 1.189091e+00 -4.386159e-02 0.000000e+00 0.000000e+00
2.725000e+00 7.853982e-01 1.406803e+00 1.189091e+00 -4.386159e-02 0.000000e+00 0.000000e+00
2.725000e+00 1.570796e+00 1.406803e+00 1.189091e+00 -4.386159e-02 0.000000e+00 0.000000e+00
2.822000e+00 0.000000e+00 1.391217e+00 1.171569e+00 -4.135161e-02 0.000000e+00 0.000000e+00
2.822000e+00 7.853982e-01 1.391217e+00 1.171569e+00 -4.135161e-02 0.000000e+00 0.000000e+00
2.822000e+00 1.570796e+00 1.391217e+00 1.171569e+00 -4.135161e-02 0.000000e+00 0.000000e+00
2.919000e+00 0.000000e+00 1.376760e+00 1.155377e+00 -3.905012e-02 0.000000e+00 0.000000e+00
2.919000e+00 7.853982e-01 1.376760e+00 1.155377e+00 -3.905012e-02 0.000000e+00 0.000000e+00
2.919000e+00 1.570796e+00 1.376760e+00 1.155377e+00 -3.905012e-02 0.000000e+00 0.000000e+00
3.016000e+00 0.000000e+00 1.363317e+00 1.140370e+00 -3.693472e-02 0.000000e+00 0.000000e+00
3.016000e+00 7.853982e-01 1.363317e+00 1.140370e+00 -3.693472e-02 0.000000e+00 0.000000e+00
3.016000e+00 1.570796e+00 1.363317e+00 1.140370e+00 -3.693472e-02 0.000000e+00 0.000000e+00
3.113000e+00 0.000000e+00 1.350786e+00 1.126424e+00 -3.498591e-02 0.000000e+00 0.000000e+00
3.113000e+00 7.853982e-01 1.350786e+00 1.126424e+00 -3.498591e-02 0.000000e+00 0.000000e+00
3.113000e+00 1.570796e+00 1.350786e+00 1.126424e+00 -3.498591e-02 0.000000e+00 0.000000e+00
3.210000e+00 0.000000e+00 1.339078e+00 1.113432e+00 -3.318669e-02 0.000000e+00 0.000000e+00
3.210000e+00 7.853982e-01 1.339078e+00 1.113432e+00 -3.318669e-02 0.000000e+00 0.000000e+00
3.210000e+00 1.570796e+00 1.339078e+00 1.113432e+00 -3.318669e-02 0.000000e+00 0.000000e+00
3.307000e+00 0.000000e+00 1.328115e+00 1.101299e+00 -3.152215e-02 0.000000e+00 0.000000e+00
3.307000e+00 7.853982e-01 1.328115e+00 1.101299e+00 -3.152215e-02 0.000000e+00 0.000000e+00
3.307000e+00 1.570796e+00 1.328115e+00 1.101299e+00 -3.152215e-02 0.000000e+00 0.000000e+00
3.404000e+00 0.000000e+00 1.317828e+00 1.089943e+00 -2.997921e-02 0.000000e+00 0.000000e+00
3.404000e+00 7.853982e-01 1.317828e+00 1.089943e+00 -2.997921e-02 0.000000e+00 0.000000e+00
3.404000e+00 1.570796e+00 1.317828e+00 1.089943e+00 -2.997921e-02 0.000000e+00 0.000000e+00
3.501000e+00 0.000000e+00 1.308156e+00 1.079293e+00 -2.854632e-02 0.000000e+00 0.000000e+00
3.501000e+00 7.853982e-01 1.308156e+00 1.079293e+00 -2.854632e-02 0.000000e+00 0.000000e+00
3.501000e+00 1.570796e+00 1.308156e+00 1.079293e+00 -2.854632e-02 0.000000e+00 0.000000e+00
3.598000e+00 0.000000e+00 1.299047e+00 1.069286e+00 -2.721329e-02 0.000000e+00 0.000000e+00
3.598000e+00 7.853982e-01 1.299047e+00 1.069286e+00 -2.721329e-02 0.000000e+00 0.000000e+00
3.598000e+00 1.570796e+00 1.299047e+00 1.069286e+00 -2.721329e-02 0.000000e+00 0.000000e+00
3.695000e+00 0.000000e+00 1.290451e+00 1.059865e+00 -2.597105e-02 0.000000e+00 0.000000e+00
3.695000e+00 7.853982e-01 1.290451e+00 1.059865e+00 -2.597105e-02 0.000000e+00 0.000000e+00
3.695000e+00 1.570796e+00 1.290451e+00 1.059865e+00 -2.597105e-02 0.000000e+00 0.000000e+00
3.792000e+00 0.000000e+00 1.282327e+00 1.050980e+00 -2.481155e-02 0.000000e+00 0.000000e+00
3.792000e+00 7.853982e-01 1.282327e+00 1.050980e+00 -2.481155e-02 0.000000e+00 0.000000e+00
3.792000e+00 1.570796e+00 1.282327e+00 1.050980e+00 -2.481155e-02 0.000000e+00 0.000000e+00
3.889000e+00 0.000000e+00 1.274638e+00 1.042588e+00 -2.372763e-02 0.000000e+00 0.000000e+00
3.889000e+00 7.853982e-01 1.274638e+00 1.042588e+00 -2.372763e-02 0.000000e+00 0.000000e+00
3.889000e+00 1.570796e+00 1.274638e+00 1.042588e+00 -2.372763e-02 0.000000e+00 0.000000e+00
3.986000e+00 0.000000e+00 1.267349e+00 1.034648e+00 -2.271285e-02 0.000000e+00 0.000000e+00
3.986000e+00 7.853982e-01 1.267349e+00 1.034648e+00 -2.271285e-02 0.000000e+00 0.000000e+00
3.986000e+00 1.570796e+00 1.267349e+00 1.034648e+00 -2.271285e-02 0.000000e+00 0.000000e+00
4.083000e+00 0.000000e+00 1.260430e+00 1.027125e+00 -2.176147e-02 0.000000e+00 0.000000e+00
4.083000e+00 7.853982e-01 1.260430e+00 1.027125e+00 -2.176147e-02 0.000000e+00 0.000000e+00
4.083000e+00 1.570796e+00 1.260430e+00 1.027125e+00 -2.176147e-02 0.000000e+00 0.000000e+00
4.180000e+00 0.000000e+00 1.253854e+00 1.019987e+00 -2.086833e-02 0.000000e+00 0.000000e+00
4.180000e+00 7.853982e-01 1.253854e+00 1.019987e+00 -2.086833e-02 0.000000e+00 0.000000e+00
4.180000e+00 1.570796e+00 1.253854e+00 1.019987e+00 -2.086833e-02 0.000000e+00 0.000000e+00
4.277000e+00 0.000000e+00 1.247595e+00 1.013206e+00 -2.002877e-02 0.000000e+00 0.000000e+00
4.277000e+00 7.853982e-01 1.247595e+00 1.013206e+00 -2.002877e-02 0.000000e+00 0.000000e+00
4.277000e+00 1.570796e+00 1.247595e+00 1.013206e+00 -2.002877e-02 0.000000e+00 0.000000e+00
4.374000e+00 0.000000e+00 1.241633e+00 1.006756e+00 -1.923860e-02 0.000000e+00 0.000000e+00
4.374000e+00 7.853982e-01 1.241633e+00 1.006756e+00 -1.923860e-02 0.000000e+00 0.000000e+00
4.374000e+00 1.570796e+00 1.241633e+00 1.006756e+00 -1.923860e-02 0.000000e+00 0.000000e+00
4.471000e+00 0.000000e+00 1.235945e+00 1.000613e+00 -1.849403e-02 0.000000e+00 0.000000e+00
4.471000e+00 7.853982e-01 1.235945e+00 1.000613e+00 -1.849403e-02 0.000000e+00 0.000000e+00
4.471000e+00 1.570796e+00 1.235945e+00 1.000613e+00 -1.849403e-02 0.000000e+00 0.000000e+00
4.568000e+00 0.000000e+00 1.230513e+00 9.947550e-01 -1.779161e-02 0.000000e+00 0.000000e+00
4.568000e+00 7.853982e-01 1.230513e+00 9.947550e-01 -1.779161e-02 0.000000e+00 0.000000e+00
4.568000e+00 1.570796e+00 1.230513e+00 9.947550e-01 -1.779161e-02 0.000000e+00 0.000000e+00
4.665000e+00 0.000000e+00 1.225321e+00 9.891636e-01 -1.712824e-02 0.000000e+00 0.000000e+00
4.665000e+00 7.853982e-01 1.225321e+00 9.891636e-01 -1.712824e-02 0.000000e+00 0.000000e+00
4.665000e+00 1.570796e+00 1.225321e+00 9.891636e-01 -1.712824e-02 0.000000e+00 0.000000e+00
4.762000e+00 0.000000e+00 1.220353e+00 9.838207e-01 -1.650107e-02 0.000000e+00 0.000000e+00
4.762000e+00 7.853982e-01 1.220353e+00 9.838207e-01 -1.650107e-02 0.000000e+00 0.000000e+00
4.762000e+00 1.570796e+00 1.220353e+00 9.838207e-01 -1.650107e-02 0.000000e+00 0.000000e+00
4.859000e+00 0.000000e+00 1.215595e+00 9.787103e-01 -1.590752e-02 0.000000e+00 0.000000e+00
4.859000e+00 7.853982e-01 1.215595e+00 9.787103e-01 -1.590752e-02 0.000000e+00 0.000000e+00
4.859000e+00 1.570796e+00 1.215595e+00 9.787103e-01 -1.590752e-02 0.000000e+00 0.000000e+00
4.956000e+00 0.000000e+00 1.211034e+00 9.738173e-01 -1.534523e-02 0.000000e+00 0.000000e+00
4.956000e+00 7.853982e-01 1.211034e+00 9.738173e-01 -1.534523e-02 0.000000e+00 0.000000e+00
4.956000e+00 1.570796e+00 1.211034e+00 9.738173e-01 -1.534523e-02 0.000000e+00 0.000000e+00
5.053000e+00 0.000000e+00 1.206657e+00 9.691284e-01 -1.481206e-02 0.000000e+00 0.000000e+00
5.053000e+00 7.853982e-01 1.206657e+00 9.691284e-01 -1.481206e-02 0.000000e+00 0.000000e+00
5.053000e+00 1.570796e+00 1.206657e+00 9.691284e-01 -1.481206e-02 0.000000e+00 0.000000e+00
5.150000e+00 0.000000e+00 1.202454e+00 9.646310e-01 -1.430604e-02 0.000000e+00 0.000000e+00
5.150000e+00 7.853982e-01 1.202454e+00 9.646310e-01 -1.430604e-02 0.000000e+00 0.000000e+00
5.150000e+00 1.570796e+00 1.202454e+00 9.646310e-01 -1.430604e-02 0.000000e+00 0.000000e+00
5.247000e+00 0.000000e+00 1.198415e+00 9.603136e-01 -1.382534e-02 0.000000e+00 0.000000e+00
5.247000e+00 7.853982e-01 1.198415e+00 9.603136e-01 -1.382534e-02 0.000000e+00 0.000000e+00
5.247000e+00 1.570796e+00 1.198415e+00 9.603136e-01 -1.382534e-02 0.000000e+00 0.000000e+00
5.344000e+00 0.000000e+00 1.194530e+00 9.561657e-01 -1.336832e-02 0.000000e+00 0.000000e+00
5.344000e+00 7.853982e-01 1.194530e+00 9.561657e-01 -1.336832e-02 0.000000e+00 0.000000e+00
5.344000e+00 1.570796e+00 1.194530e+00 9.561657e-01 -1.336832e-02 0.000000e+00 0.000000e+00
5.441000e+00 0.000000e+00 1.190791e+00 9.521774e-01 -1.293346e-02 0.000000e+00 0.000000e+00
5.441000e+00 7.853982e-01 1.190791e+00 9.521774e-01 -1.293346e-02 0.000000e+00 0.000000e+00
5.441000e+00 1.570796e+00 1.190791e+00 9.521774e-01 -1.293346e-02 0.000000e+00 0.000000e+00
5.538000e+00 0.000000e+00 1.187189e+00 9.483398e-01 -1.251933e-02 0.000000e+00 0.000000e+00
5.538000e+00 7.853982e-01 1.187189e+00 9.483398e-01 -1.251933e-02 0.000000e+00 0.000000e+00
5.538000e+00 1.570796e+00 1.187189e+00 9.483398e-01 -1.251933e-02 0.000000e+00 0.000000e+00
5.635000e+00 0.000000e+00 1.183718e+00 9.446444e-01 -1.212466e-02 0.000000e+00 0.000000e+00
5.635000e+00 7.853982e-01 1.183718e+00 9.446444e-01 -1.212466e-02 0.000000e+00 0.000000e+00
5.635000e+00 1.570796e+00 1.183718e+00 9.446444e-01 -1.212466e-02 0.000000e+00 0.000000e+00
5.732000e+00 0.000000e+00 1.180369e+00 9.410834e-01 -1.174825e-02 0.000000e+00 0.000000e+00
5.732000e+00 7.853982e-01 1.180369e+00 9.410834e-01 -1.174825e-02 0.000000e+00 0.000000e+00
5.732000e+00 1.570796e+00 1.180369e+00 9.410834e-01 -1.174825e-02 0.000000e+00 0.000000e+00
5.829000e+00 0.000000e+00 1.177137e+00 9.376498e-01 -1.138898e-02 0.000000e+00 0.000000e+00
5.829000e+00 7.853982e-01 1.177137e+00 9.376498e-01 -1.138898e-02 0.000000e+00 0.000000e+00
5.829000e+00 1.570796e+00 1.177137e+00 9.376498e-01 -1.138898e-02 0.000000e+00 0.000000e+00
5.926000e+00 0.000000e+00 1.174016e+00 9.343367e-01 -1.104585e-02 0.000000e+00 0.000000e+00
5.926000e+00 7.853982e-01 1.174016e+00 9.343367e-01 -1.104585e-02 0.000000e+00 0.000000e+00
5.926000e+00 1.570796e+00 1.174016e+00 9.343367e-01 -1.104585e-02 0.000000e+00 0.000000e+00
6.023000e+00 0.000000e+00 1.171000e+00 9.311380e-01 -1.071789e-02 0.000000e+00 0.000000e+00
6.023000e+00 7.853982e-01 1.171000e+00 9.311380e-01 -1.071789e-02 0.000000e+00 0.000000e+00
6.023000e+00 1.570796e+00 1.171000e+00 9.311380e-01 -1.071789e-02 0.000000e+00 0.000000e+00
6.120000e+00 0.000000e+00 1.168084e+00 9.280477e-01 -1.040424e-02 0.000000e+00 0.000000e+00
6.120000e+00 7.853982e-01 1.168084e+00 9.280477e-01 -1.040424e-02 0.000000e+00 0.000000e+00
6.120000e+00 1.570796e+00 1.168084e+00 9.280477e-01 -1.040424e-02 0.000000e+00 0.000000e+00
6.217000e+00 0.000000e+00 1.165263e+00 9.250606e-01 -1.010408e-02 0.000000e+00 0.000000e+00
6.217000e+00 7.853982e-01 1.165263e+00 9.250606e-01 -1.010408e-02 0.000000e+00 0.000000e+00
6.217000e+00 1.570796e+00 1.165263e+00 9.250606e-01 -1.010408e-02 0.000000e+00 0.000000e+00
6.314000e+00 0.000000e+00 1.162532e+00 9.221714e-01 -9.816646e-03 0.000000e+00 0.000000e+00
6.314000e+00 7.853982e-01 1.162532e+00 9.221714e-01 -9.816646e-03 0.000000e+00 0.000000e+00
6.314000e+00 1.570796e+00 1.162532e+00 9.221714e-01 -9.816646e-03 0.000000e+00 0.000000e+00
6.411000e+00 0.000000e+00 1.159887e+00 9.193755e-01 -9.541236e-03 0.000000e+00 0.000000e+00
6.411000e+00 7.853982e-01 1.159887e+00 9.193755e-01 -9.541236e-03 0.000000e+00 0.000000e+00
6.411000e+00 1.570796e+00 1.159887e+00 9.193755e-01 -9.541236e-03 0.000000e+00 0.000000e+00
6.508000e+00 0.000000e+00 1.157324e+00 9.166684e-01 -9.277191e-03 0.000000e+00 0.000000e+00
6.508000e+00 7.853982e-01 1.157324e+00 9.166684e-01 -9.277191e-03 0.000000e+00 0.000000e+00
6.508000e+00 1.570796e+00 1.157324e+00 9.166684e-01 -9.277191e-03 0.000000e+00 0.000000e+00
6.605000e+00 0.000000e+00 1.154840e+00 9.140459e-01 -9.023900e-03 0.000000e+00 0.000000e+00
6.605000e+00 7.853982e-01 1.154840e+00 9.140459e-01 -9.023900e-03 0.000000e+00 0.000000e+00
6.605000e+00 1.570796e+00 1.154840e+00 9.140459e-01 -9.023900e-03 0.000000e+00 0.000000e+00
6.702000e+00 0.000000e+00 1.152431e+00 9.115042e-01 -8.780790e-03 0.000000e+00 0.000000e+00
6.702000e+00 7.853982e-01 1.152431e+00 9.115042e-01 -8.780790e-03 0.000000e+00 0.000000e+00
6.702000e+00 1.570796e+00 1.152431e+00 9.115042e-01 -8.780790e-03 0.000000e+00 0.000000e+00
6.799000e+00 0.000000e+00 1.150092e+00 9.090395e-01 -8.547326e-03 0.000000e+00 0.000000e+00
6.799000e+00 7.853982e-01 1.150092e+00 9.090395e-01 -8.547326e-03 0.000000e+00 0.000000e+00
6.799000e+00 1.570796e+00 1.150092e+00 9.090395e-01 -8.547326e-03 0.000000e+00 0.000000e+00
6.896000e+00 0.000000e+00 1.147823e+00 9.066484e-01 -8.323008e-03 0.000000e+00 0.000000e+00
6.896000e+00 7.853982e-01 1.147823e+00 9.066484e-01 -8.323008e-03 0.000000e+00 0.000000e+00
6.896000e+00 1.570796e+00 1.147823e+00 9.066484e-01 -8.323008e-03 0.000000e+00 0.000000e+00
6.993000e+00 0.000000e+00 1.145618e+00 9.043276e-01 -8.107369e-03 0.000000e+00 0.000000e+00
6.993000e+00 7.853982e-01 1.145618e+00 9.043276e-01 -8.107369e-03 0.000000e+00 0.000000e+00
6.993000e+00 1.570796e+00 1.145618e+00 9.043276e-01 -8.107369e-03 0.000000e+00 0.000000e+00
7.090000e+00 0.000000e+00 1.143476e+00 9.020742e-01 -7.899970e-03 0.000000e+00 0.000000e+00
7.090000e+00 7.853982e-01 1.143476e+00 9.020742e-01 -7.899970e-03 0.000000e+00 0.000000e+00
7.090000e+00 1.570796e+00 1.143476e+00 9.020742e-01 -7.899970e-03 0.000000e+00 0.000000e+00
7.187000e+00 0.000000e+00 1.141395e+00 8.998851e-01 -7.700401e-03 0.000000e+00 0.000000e+00
7.187000e+00 7.853982e-01 1.141395e+00 8.998851e-01 -7.700401e-03 0.000000e+00 0.000000e+00
7.187000e+00 1.570796e+00 1.141395e+00 8.998851e-01 -7.700401e-03 0.000000e+00 0.000000e+00
7.284000e+00 0.000000e+00 1.139370e+00 8.977578e-01 -7.508275e-03 0.000000e+00 0.000000e+00
7.284000e+00 7.853982e-01 1.139370e+00 8.977578e-01 -7.508275e-03 0.000000e+00 0.000000e+00
7.284000e+00 1.570796e+00 1.139370e+00 8.977578e-01 -7.508275e-03 0.000000e+00 0.000000e+00
7.381000e+00 0.000000e+00 1.137401e+00 8.956895e-01 -7.323232e-03 0.000000e+00 0.000000e+00
7.381000e+00 7.853982e-01 1.137401e+00 8.956895e-01 -7.323232e-03 0.000000e+00 0.000000e+00
7.381000e+00 1.570796e+00 1.137401e+00 8.956895e-01 -7.323232e-03 0.000000e+00 0.000000e+00
7.478000e+00 0.000000e+00 1.135485e+00 8.936779e-01 -7.144930e-03 0.000000e+00 0.000000e+00
7.478000e+00 7.853982e-01 1.135485e+00 8.936779e-01 -7.144930e-03 0.000000e+00 0.000000e+00
7.478000e+00 1.570796e+00 1.135485e+00 8.936779e-01 -7.144930e-03 0.000000e+00 0.000000e+00
7.575000e+00 0.000000e+00 1.133619e+00 8.917207e-01 -6.973049e-03 0.000000e+00 0.000000e+00
7.575000e+00 7.853982e-01 1.133619e+00 8.917207e-01 -6.973049e-03 0.000000e+00 0.000000e+00
7.575000e+00 1.570796e+00 1.133619e+00 8.917207e-01 -6.973049e-03 0.000000e+00 0.000000e+00
7.672000e+00 0.000000e+00 1.131803e+00 8.898157e-01 -6.807289e-03 0.000000e+00 0.000000e+00
7.672000e+00 7.853982e-01 1.131803e+00 8.898157e-01 -6.807289e-03 0.000000e+00 0.000000e+00
7.672000e+00 1.570796e+00 1.131803e+00 8.898157e-01 -6.807289e-03 0.000000e+00 0.000000e+00
7.769000e+00 0.000000e+00 1.130033e+00 8.879609e-01 -6.647366e-03 0.000000e+00 0.000000e+00
7.769000e+00 7.853982e-01 1.130033e+00 8.879609e-01 -6.647366e-03 0.000000e+00 0.000000e+00
7.769000e+00 1.570796e+00 1.130033e+00 8.879609e-01 -6.647366e-03 0.000000e+00 0.000000e+00
7.866000e+00 0.000000e+00 1.128309e+00 8.861542e-01 -6.493012e-03 0.000000e+00 0.000000e+00
7.866000e+00 7.853982e-01 1.128309e+00 8.861542e-01 -6.493012e-03 0.000000e+00 0.000000e+00
7.866000e+00 1.570796e+00 1.128309e+00 8.861542e-01 -6.493012e-03 0.000000e+00 0.000000e+00
7.963000e+00 0.000000e+00 1.126629e+00 8.843939e-01 -6.343975e-03 0.000000e+00 0.000000e+00
7.963000e+00 7.853982e-01 1.126629e+00 8.843939e-01 -6.343975e-03 0.000000e+00 0.000000e+00
7.963000e+00 1.570796e+00 1.126629e+00 8.843939e-01 -6.343975e-03 0.000000e+00 0.000000e+00
8.060000e+00 0.000000e+00 1.124991e+00 8.826782e-01 -6.200017e-03 0.000000e+00 0.000000e+00
8.060000e+00 7.853982e-01 1.124991e+00 8.826782e-01 -6.200017e-03 0.000000e+00 0.000000e+00
8.060000e+00 1.570796e+00 1.124991e+00 8.826782e-01 -6.200017e-03 0.000000e+00 0.000000e+00
8.157000e+00 0.000000e+00 1.123394e+00 8.810054e-01 -6.060914e-03 0.000000e+00 0.000000e+00
8.157000e+00 7.853982e-01 1.123394e+00 8.810054e-01 -6.060914e-03 0.000000e+00 0.000000e+00
8.157000e+00 1.570796e+00 1.123394e+00 8.810054e-01 -6.060914e-03 0.000000e+00 0.000000e+00
8.254000e+00 0.000000e+00 1.121837e+00 8.793739e-01 -5.926451e-03 0.000000e+00 0.000000e+00
8.254000e+00 7.853982e-01 1.121837e+00 8.793739e-01 -5.926451e-03 0.000000e+00 0.000000e+00
8.254000e+00 1.570796e+00 1.121837e+00 8.793739e-01 -5.926451e-03 0.000000e+00 0.000000e+00
8.351000e+00 0.000000e+00 1.120318e+00 8.777823e-01 -5.796429e-03 0.000000e+00 0.000000e+00
8.351000e+00 7.853982e-01 1.120318e+00 8.777823e-01 -5.796429e-03 0.000000e+00 0.000000e+00
8.351000e+00 1.570796e+00 1.120318e+00 8.777823e-01 -5.796429e-03 0.000000e+00 0.000000e+00
8.448000e+00 0.000000e+00 1.118838e+00 8.762290e-01 -5.670658e-03 0.000000e+00 0.000000e+00
8.448000e+00 7.853982e-01 1.118838e+00 8.762290e-01 -5.670658e-03 0.000000e+00 0.000000e+00
8.448000e+00 1.570796e+00 1.118838e+00 8.762290e-01 -5.670658e-03 0.000000e+00 0.000000e+00
8.545000e+00 0.000000e+00 1.117395e+00 8.747128e-01 -5.548956e-03 0.000000e+00 0.000000e+00
8.545000e+00 7.853982e-01 1.117395e+00 8.747128e-01 -5.548956e-03 0.000000e+00 0.000000e+00
8.545000e+00 1.570796e+00 1.117395e+00 8.747128e-01 -5.548956e-03 0.000000e+00 0.000000e+00
8.642000e+00 0.000000e+00 1.115991e+00 8.732322e-01 -5.431152e-03 0.000000e+00 0.000000e+00
8.642000e+00 7.853982e-01 1.115991e+00 8.732322e-01 -5.431152e-03 0.000000e+00 0.000000e+00
8.642000e+00 1.570796e+00 1.115991e+00 8.732322e-01 -5.431152e-03 0.000000e+00 0.000000e+00
8.739000e+00 0.000000e+00 1.114625e+00 8.717861e-01 -5.317081e-03 0.000000e+00 0.000000e+00
8.739000e+00 7.853982e-01 1.114625e+00 8.717861e-01 -5.317081e-03 0.000000e+00 0.000000e+00
8.739000e+00 1.570796e+00 1.114625e+00 8.717861e-01 -5.317081e-03 0.000000e+00 0.000000e+00
8.836000e+00 0.000000e+00 1.113299e+00 8.703733e-01 -5.206590e-03 0.000000e+00 0.000000e+00
8.836000e+00 7.853982e-01 1.113299e+00 8.703733e-01 -5.206590e-03 0.000000e+00 0.000000e+00
8.836000e+00 1.570796e+00 1.113299e+00 8.703733e-01 -5.206590e-03 0.000000e+00 0.000000e+00
8.933000e+00 0.000000e+00 1.112017e+00 8.689926e-01 -5.099533e-03 0.000000e+00 0.000000e+00
8.933000e+00 7.853982e-01 1.112017e+00 8.689926e-01 -5.099533e-03 0.000000e+00 0.000000e+00
8.933000e+00 1.570796e+00 1.112017e+00 8.689926e-01 -5.099533e-03 0.000000e+00 0.000000e+00
9.030000e+00 0.000000e+00 1.110783e+00 8.676429e-01 -4.995778e-03 0.000000e+00 0.000000e+00
9.030000e+00 7.853982e-01 1.110783e+00 8.676429e-01 -4.995778e-03 0.000000e+00 0.000000e+00
9.030000e+00 1.570796e+00 1.110783e+00 8.676429e-01 -4.995778e-03 0.000000e+00 0.000000e+00
9.127000e+00 0.000000e+00 1.109602e+00 8.663232e-01 -4.895194e-03 0.000000e+00 0.000000e+00
9.127000e+00 7.853982e-01 1.109602e+00 8.663232e-01 -4.895194e-03 0.000000e+00 0.000000e+00
9.127000e+00 1.570796e+00 1.109602e+00 8.663232e-01 -4.895194e-03 0.000000e+00 0.000000e+00
9.224000e+00 0.000000e+00 1.108483e+00 8.650325e-01 -4.797662e-03 0.000000e+00 0.000000e+00
9.224000e+00 7.853982e-01 1.108483e+00 8.650325e-01 -4.797662e-03 0.000000e+00 0.000000e+00
9.224000e+00 1.570796e+00 1.108483e+00 8.650325e-01 -4.797662e-03 0.000000e+00 0.000000e+00
9.321000e+00 0.000000e+00 1.107436e+00 8.637697e-01 -4.703034e-03 0.000000e+00 0.000000e+00
9.321000e+00 7.853982e-01 1.107436e+00 8.637697e-01 -4.703034e-03 0.000000e+00 0.000000e+00
9.321000e+00 1.570796e+00 1.107436e+00 8.637697e-01 -4.703034e-03 0.000000e+00 0.000000e+00
9.418000e+00 0.000000e+00 1.106478e+00 8.625339e-01 -4.611281e-03 0.000000e+00 0.000000e+00
9.418000e+00 7.853982e-01 1.106478e+00 8.625339e-01 -4.611281e-03 0.000000e+00 0.000000e+00
9.418000e+00 1.570796e+00 1.106478e+00 8.625339e-01 -4.611281e-03 0.000000e+00 0.000000e+00
9.515000e+00 0.000000e+00 1.105634e+00 8.613244e-01 -4.521818e-03 0.000000e+00 0.000000e+00
9.515000e+00 7.853982e-01 1.105634e+00 8.613244e-01 -4.521818e-03 0.000000e+00 0.000000e+00
9.515000e+00 1.570796e+00 1.105634e+00 8.613244e-01 -4.521818e-03 0.000000e+00 0.000000e+00
9.612000e+00 0.000000e+00 1.104939e+00 8.601382e-01 -4.436145e-03 0.000000e+00 0.000000e+00
9.612000e+00 7.853982e-01 1.104939e+00 8.601382e-01 -4.436145e-03 0.000000e+00 0.000000e+00
9.612000e+00 1.570796e+00 1.104939e+00 8.601382e-01 -4.436145e-03 0.000000e+00 0.000000e+00
9.709000e+00 0.000000e+00 1.104453e+00 8.589819e-01 -4.345523e-03 0.000000e+00 0.000000e+00
9.709000e+00 7.853982e-01 1.104453e+00 8.589819e-01 -4.345523e-03 0.000000e+00 0.000000e+00
9.709000e+00 1.570796e+00 1.104453e+00 8.589819e-01 -4.345523e-03 0.000000e+00 0.000000e+00
9.806000e+00 0.000000e+00 1.104212e+00 8.578131e-01 -4.279019e-03 0.000000e+00 0.000000e+00
9.806000e+00 7.853982e-01 1.104212e+00 8.578131e-01 -4.279019e-03 0.000000e+00 0.000000e+00
9.806000e+00 1.570796e+00 1.104212e+00 8.578131e-01 -4.279019e-03 0.000000e+00 0.000000e+00
9.903000e+00 0.000000e+00 1.104362e+00 8.567702e-01 -4.077439e-03 0.000000e+00 0.000000e+00
9.903000e+00 7.853982e-01 1.104362e+00 8.567702e-01 -4.077439e-03 0.000000e+00 0.000000e+00
9.903000e+00 1.570796e+00 1.104362e+00 8.567702e-01 -4.077439e-03 0.000000e+00 0.000000e+00
1.000000e+01 0.000000e+00 1.103348e+00 8.550893e-01 -5.122135e-03 0.000000e+00 0.000000e+00
1.000000e+01 7.853982e-01 1.103348e+00 8.550893e-01 -5.122135e-03 0.000000e+00 0.000000e+00
1.000000e+01 1.570796e+00 1.103348e+00 8.550893e-01 -5.122135e-03 0.000000e+00 0.000000e+00
