###############PARAM###############
1.100002e+03 
101 
3 
###################################
3.000000e-01 0.000000e+00 9.394641e+01 3.121161e+02 -8.210205e-01 0.000000e+00 0.000000e+00
3.000000e-01 7.853982e-01 9.394641e+01 3.121161e+02 -8.210205e-01 0.000000e+00 0.000000e+00
3.000000e-01 1.570796e+00 9.394641e+01 3.121161e+02 -8.210205e-01 0.000000e+00 0.000000e+00
3.239856e-01 0.000000e+00 7.221724e+01 1.982399e+02 -2.267886e-01 0.000000e+00 0.000000e+00
3.239856e-01 7.853982e-01 7.221724e+01 1.982399e+02 -2.267886e-01 0.000000e+00 0.000000e+00
3.239856e-01 1.570796e+00 7.221724e+01 1.982399e+02 -2.267886e-01 0.000000e+00 0.000000e+00
3.485465e-01 0.000000e+00 6.092618e+01 1.371911e+02 -2.022487e-01 0.000000e+00 0.000000e+00
3.485465e-01 7.853982e-01 6.092618e+01 1.371911e+02 -2.022487e-01 0.000000e+00 0.000000e+00
3.485465e-01 1.570796e+00 6.092618e+01 1.371911e+02 -2.022487e-01 0.000000e+00 0.000000e+00
3.736964e-01 0.000000e+00 4.799514e+01 9.545907e+01 -1.585408e-01 0.000000e+00 0.000000e+00
3.736964e-01 7.853982e-01 4.799514e+01 9.545907e+01 -1.585408e-01 0.000000e+00 0.000000e+00
3.736964e-01 1.570796e+00 4.799514e+01 9.545907e+01 -1.585408e-01 0.000000e+00 0.000000e+00
3.994497e-01 0.000000e+00 3.552187e+01 6.809683e+01 -1.234734e-01 0.000000e+00 0.000000e+00
3.994497e-01 7.853982e-01 3.552187e+01 6.809683e+01 -1.234734e-01 0.000000e+00 0.000000e+00
3.994497e-01 1.570796e+00 3.552187e+01 6.809683e+01 -1.234734e-01 0.000000e+00 0.000000e+00
4.258206e-01 0.000000e+00 2.563902e+01 5.052867e+01 -9.527151e-02 0.000000e+00 0.000000e+00
4.258206e-01 7.853982e-01 2.563902e+01 5.052867e+01 -9.527151e-02 0.000000e+00 0.000000e+00
4.258206e-01 1.570796e+00 2.563902e+01 5.052867e+01 -9.527151e-02 0.000000e+00 0.000000e+00
4.528240e-01 0.000000e+00 1.898828e+01 3.921965e+01 -7.404090e-02 0.000000e+00 0.000000e+00
4.528240e-01 7.853982e-01 1.898828e+01 3.921965e+01 -7.404090e-02 0.000000e+00 0.000000e+00
4.528240e-01 1.570796e+00 1.898828e+01 3.921965e+01 -7.404090e-02 0.000000e+00 0.000000e+00
4.804752e-01 0.000000e+00 1.503240e+01 3.156857e+01 -5.761128e-02 0.000000e+00 0.000000e+00
4.804752e-01 7.853982e-01 1.503240e+01 3.156857e+01 -5.761128e-02 0.000000e+00 0.000000e+00
4.804752e-01 1.570796e+00 1.503240e+01 3.156857e+01 -5.761128e-02 0.000000e+00 0.000000e+00
5.087896e-01 0.000000e+00 1.286640e+01 2.598455e+01 -4.472375e-02 0.000000e+00 0.000000e+00
5.087896e-01 7.853982e-01 1.286640e+01 2.598455e+01 -4.472375e-02 0.000000e+00 0.000000e+00
5.087896e-01 1.570796e+00 1.286640e+01 2.598455e+01 -4.472375e-02 0.000000e+00 0.000000e+00
5.377831e-01 0.000000e+00 1.165620e+01 2.160036e+01 -3.431357e-02 0.000000e+00 0.000000e+00
5.377831e-01 7.853982e-01 1.165620e+01 2.160036e+01 -3.431357e-02 0.000000e+00 0.000000e+00
5.377831e-01 1.570796e+00 1.165620e+01 2.160036e+01 -3.431357e-02 0.000000e+00 0.000000e+00
5.674720e-01 0.000000e+00 1.080790e+01 1.799944e+01 -2.579485e-02 0.000000e+00 0.000000e+00
5.674720e-01 7.853982e-01 1.080790e+01 1.799944e+01 -2.579485e-02 0.000000e+00 0.000000e+00
5.674720e-01 1.570796e+00 1.080790e+01 1.799944e+01 -2.579485e-02 0.000000e+00 0.000000e+00
5.978731e-01 0.000000e+00 9.986038e+00 1.499983e+01 -1.881906e-02 0.000000e+00 0.000000e+00
5.978731e-01 7.853982e-01 9.986038e+00 1.499983e+01 -1.881906e-02 0.000000e+00 0.000000e+00
5.978731e-01 1.570796e+00 9.986038e+00 1.499983e+01 -1.881906e-02 0.000000e+00 0.000000e+00
6.290033e-01 0.000000e+00 9.062887e+00 1.251866e+01 -1.313378e-02 0.000000e+00 0.000000e+00
6.290033e-01 7.853982e-01 9.062887e+00 1.251866e+01 -1.313378e-02 0.000000e+00 0.000000e+00
6.290033e-01 1.570796e+00 9.062887e+00 1.251866e+01 -1.313378e-02 0.000000e+00 0.000000e+00
6.608802e-01 0.000000e+00 8.042821e+00 1.050074e+01 -8.518945e-03 0.000000e+00 0.000000e+00
6.608802e-01 7.853982e-01 8.042821e+00 1.050074e+01 -8.518945e-03 0.000000e+00 0.000000e+00
6.608802e-01 1.570796e+00 8.042821e+00 1.050074e+01 -8.518945e-03 0.000000e+00 0.000000e+00
6.935217e-01 0.000000e+00 6.991390e+00 8.890043e+00 -4.779266e-03 0.000000e+00 0.000000e+00
6.935217e-01 7.853982e-01 6.991390e+00 8.890043e+00 -4.779266e-03 0.000000e+00 0.000000e+00
6.935217e-01 1.570796e+00 6.991390e+00 8.890043e+00 -4.779266e-03 0.000000e+00 0.000000e+00
7.269461e-01 0.000000e+00 5.984762e+00 7.624333e+00 -1.746566e-03 0.000000e+00 0.000000e+00
7.269461e-01 7.853982e-01 5.984762e+00 7.624333e+00 -1.746566e-03 0.000000e+00 0.000000e+00
7.269461e-01 1.570796e+00 5.984762e+00 7.624333e+00 -1.746566e-03 0.000000e+00 0.000000e+00
7.611722e-01 0.000000e+00 5.082540e+00 6.639263e+00 7.186436e-04 0.000000e+00 0.000000e+00
7.611722e-01 7.853982e-01 5.082540e+00 6.639263e+00 7.186436e-04 0.000000e+00 0.000000e+00
7.611722e-01 1.570796e+00 5.082540e+00 6.639263e+00 7.186436e-04 0.000000e+00 0.000000e+00
7.962193e-01 0.000000e+00 4.319006e+00 5.874107e+00 2.729040e-03 0.000000e+00 0.000000e+00
7.962193e-01 7.853982e-01 4.319006e+00 5.874107e+00 2.729040e-03 0.000000e+00 0.000000e+00
7.962193e-01 1.570796e+00 4.319006e+00 5.874107e+00 2.729040e-03 0.000000e+00 0.000000e+00
8.321069e-01 0.000000e+00 3.705217e+00 5.275852e+00 4.374243e-03 0.000000e+00 0.000000e+00
8.321069e-01 7.853982e-01 3.705217e+00 5.275852e+00 4.374243e-03 0.000000e+00 0.000000e+00
8.321069e-01 1.570796e+00 3.705217e+00 5.275852e+00 4.374243e-03 0.000000e+00 0.000000e+00
8.688554e-01 0.000000e+00 3.235450e+00 4.800997e+00 5.725400e-03 0.000000e+00 0.000000e+00
8.688554e-01 7.853982e-01 3.235450e+00 4.800997e+00 5.725400e-03 0.000000e+00 0.000000e+00
8.688554e-01 1.570796e+00 3.235450e+00 4.800997e+00 5.725400e-03 0.000000e+00 0.000000e+00
9.064853e-01 0.000000e+00 2.893894e+00 4.415559e+00 6.839022e-03 0.000000e+00 0.000000e+00
9.064853e-01 7.853982e-01 2.893894e+00 4.415559e+00 6.839022e-03 0.000000e+00 0.000000e+00
9.064853e-01 1.570796e+00 2.893894e+00 4.415559e+00 6.839022e-03 0.000000e+00 0.000000e+00
9.450178e-01 0.000000e+00 2.659821e+00 4.094047e+00 7.759498e-03 0.000000e+00 0.000000e+00
9.450178e-01 7.853982e-01 2.659821e+00 4.094047e+00 7.759498e-03 0.000000e+00 0.000000e+00
9.450178e-01 1.570796e+00 2.659821e+00 4.094047e+00 7.759498e-03 0.000000e+00 0.000000e+00
9.844745e-01 0.000000e+00 2.510943e+00 3.818030e+00 8.520710e-03 0.000000e+00 0.000000e+00
9.844745e-01 7.853982e-01 2.510943e+00 3.818030e+00 8.520710e-03 0.000000e+00 0.000000e+00
9.844745e-01 1.570796e+00 2.510943e+00 3.818030e+00 8.520710e-03 0.000000e+00 0.000000e+00
1.024878e+00 0.000000e+00 2.425396e+00 3.574670e+00 9.146921e-03 0.000000e+00 0.000000e+00
1.024878e+00 7.853982e-01 2.425396e+00 3.574670e+00 9.146921e-03 0.000000e+00 0.000000e+00
1.024878e+00 1.570796e+00 2.425396e+00 3.574670e+00 9.146921e-03 0.000000e+00 0.000000e+00
1.066250e+00 0.000000e+00 2.382964e+00 3.355392e+00 9.653648e-03 0.000000e+00 0.000000e+00
1.066250e+00 7.853982e-01 2.382964e+00 3.355392e+00 9.653648e-03 0.000000e+00 0.000000e+00
1.066250e+00 1.570796e+00 2.382964e+00 3.355392e+00 9.653648e-03 0.000000e+00 0.000000e+00
1.108614e+00 0.000000e+00 2.365992e+00 3.154756e+00 1.004891e-02 0.000000e+00 0.000000e+00
1.108614e+00 7.853982e-01 2.365992e+00 3.154756e+00 1.004891e-02 0.000000e+00 0.000000e+00
1.108614e+00 1.570796e+00 2.365992e+00 3.154756e+00 1.004891e-02 0.000000e+00 0.000000e+00
1.151995e+00 0.000000e+00 2.360178e+00 2.969514e+00 1.033594e-02 0.000000e+00 0.000000e+00
1.151995e+00 7.853982e-01 2.360178e+00 2.969514e+00 1.033594e-02 0.000000e+00 0.000000e+00
1.151995e+00 1.570796e+00 2.360178e+00 2.969514e+00 1.033594e-02 0.000000e+00 0.000000e+00
1.196416e+00 0.000000e+00 2.355116e+00 2.797827e+00 1.051237e-02 0.000000e+00 0.000000e+00
1.196416e+00 7.853982e-01 2.355116e+00 2.797827e+00 1.051237e-02 0.000000e+00 0.000000e+00
1.196416e+00 1.570796e+00 2.355116e+00 2.797827e+00 1.051237e-02 0.000000e+00 0.000000e+00
1.241903e+00 0.000000e+00 2.344397e+00 2.638707e+00 1.058673e-02 0.000000e+00 0.000000e+00
1.241903e+00 7.853982e-01 2.344397e+00 2.638707e+00 1.058673e-02 0.000000e+00 0.000000e+00
1.241903e+00 1.570796e+00 2.344397e+00 2.638707e+00 1.058673e-02 0.000000e+00 0.000000e+00
1.288480e+00 0.000000e+00 2.324985e+00 2.491417e+00 1.055552e-02 0.000000e+00 0.000000e+00
1.288480e+00 7.853982e-01 2.324985e+00 2.491417e+00 1.055552e-02 0.000000e+00 0.000000e+00
1.288480e+00 1.570796e+00 2.324985e+00 2.491417e+00 1.055552e-02 0.000000e+00 0.000000e+00
1.336175e+00 0.000000e+00 2.296495e+00 2.355586e+00 1.042122e-02 0.000000e+00 0.000000e+00
1.336175e+00 7.853982e-01 2.296495e+00 2.355586e+00 1.042122e-02 0.000000e+00 0.000000e+00
1.336175e+00 1.570796e+00 2.296495e+00 2.355586e+00 1.042122e-02 0.000000e+00 0.000000e+00
1.385014e+00 0.000000e+00 2.259789e+00 2.230589e+00 1.019904e-02 0.000000e+00 0.000000e+00
1.385014e+00 7.853982e-01 2.259789e+00 2.230589e+00 1.019904e-02 0.000000e+00 0.000000e+00
1.385014e+00 1.570796e+00 2.259789e+00 2.230589e+00 1.019904e-02 0.000000e+00 0.000000e+00
1.435024e+00 0.000000e+00 2.216400e+00 2.115890e+00 9.888152e-03 0.000000e+00 0.000000e+00
1.435024e+00 7.853982e-01 2.216400e+00 2.115890e+00 9.888152e-03 0.000000e+00 0.000000e+00
1.435024e+00 1.570796e+00 2.216400e+00 2.115890e+00 9.888152e-03 0.000000e+00 0.000000e+00
1.486234e+00 0.000000e+00 2.167922e+00 2.010857e+00 9.502343e-03 0.000000e+00 0.000000e+00
1.486234e+00 7.853982e-01 2.167922e+00 2.010857e+00 9.502343e-03 0.000000e+00 0.000000e+00
1.486234e+00 1.570796e+00 2.167922e+00 2.010857e+00 9.502343e-03 0.000000e+00 0.000000e+00
1.538672e+00 0.000000e+00 2.115859e+00 1.914830e+00 9.049508e-03 0.000000e+00 0.000000e+00
1.538672e+00 7.853982e-01 2.115859e+00 1.914830e+00 9.049508e-03 0.000000e+00 0.000000e+00
1.538672e+00 1.570796e+00 2.115859e+00 1.914830e+00 9.049508e-03 0.000000e+00 0.000000e+00
1.592368e+00 0.000000e+00 2.061569e+00 1.827133e+00 8.539013e-03 0.000000e+00 0.000000e+00
1.592368e+00 7.853982e-01 2.061569e+00 1.827133e+00 8.539013e-03 0.000000e+00 0.000000e+00
1.592368e+00 1.570796e+00 2.061569e+00 1.827133e+00 8.539013e-03 0.000000e+00 0.000000e+00
1.647352e+00 0.000000e+00 2.006232e+00 1.747102e+00 7.981550e-03 0.000000e+00 0.000000e+00
1.647352e+00 7.853982e-01 2.006232e+00 1.747102e+00 7.981550e-03 0.000000e+00 0.000000e+00
1.647352e+00 1.570796e+00 2.006232e+00 1.747102e+00 7.981550e-03 0.000000e+00 0.000000e+00
1.703654e+00 0.000000e+00 1.950826e+00 1.674091e+00 7.388486e-03 0.000000e+00 0.000000e+00
1.703654e+00 7.853982e-01 1.950826e+00 1.674091e+00 7.388486e-03 0.000000e+00 0.000000e+00
1.703654e+00 1.570796e+00 1.950826e+00 1.674091e+00 7.388486e-03 0.000000e+00 0.000000e+00
1.761307e+00 0.000000e+00 1.896102e+00 1.607487e+00 6.769831e-03 0.000000e+00 0.000000e+00
1.761307e+00 7.853982e-01 1.896102e+00 1.607487e+00 6.769831e-03 0.000000e+00 0.000000e+00
1.761307e+00 1.570796e+00 1.896102e+00 1.607487e+00 6.769831e-03 0.000000e+00 0.000000e+00
1.820343e+00 0.000000e+00 1.842608e+00 1.546713e+00 6.133388e-03 0.000000e+00 0.000000e+00
1.820343e+00 7.853982e-01 1.842608e+00 1.546713e+00 6.133388e-03 0.000000e+00 0.000000e+00
1.820343e+00 1.570796e+00 1.842608e+00 1.546713e+00 6.133388e-03 0.000000e+00 0.000000e+00
1.880795e+00 0.000000e+00 1.790724e+00 1.491235e+00 5.484938e-03 0.000000e+00 0.000000e+00
1.880795e+00 7.853982e-01 1.790724e+00 1.491235e+00 5.484938e-03 0.000000e+00 0.000000e+00
1.880795e+00 1.570796e+00 1.790724e+00 1.491235e+00 5.484938e-03 0.000000e+00 0.000000e+00
1.942697e+00 0.000000e+00 1.740710e+00 1.440565e+00 4.828478e-03 0.000000e+00 0.000000e+00
1.942697e+00 7.853982e-01 1.740710e+00 1.440565e+00 4.828478e-03 0.000000e+00 0.000000e+00
1.942697e+00 1.570796e+00 1.740710e+00 1.440565e+00 4.828478e-03 0.000000e+00 0.000000e+00
2.006083e+00 0.000000e+00 1.692742e+00 1.394257e+00 4.166182e-03 0.000000e+00 0.000000e+00
2.006083e+00 7.853982e-01 1.692742e+00 1.394257e+00 4.166182e-03 0.000000e+00 0.000000e+00
2.006083e+00 1.570796e+00 1.692742e+00 1.394257e+00 4.166182e-03 0.000000e+00 0.000000e+00
2.070990e+00 0.000000e+00 1.646939e+00 1.351910e+00 3.498223e-03 0.000000e+00 0.000000e+00
2.070990e+00 7.853982e-01 1.646939e+00 1.351910e+00 3.498223e-03 0.000000e+00 0.000000e+00
2.070990e+00 1.570796e+00 1.646939e+00 1.351910e+00 3.498223e-03 0.000000e+00 0.000000e+00
2.137454e+00 0.000000e+00 1.603387e+00 1.313159e+00 2.822472e-03 0.000000e+00 0.000000e+00
2.137454e+00 7.853982e-01 1.603387e+00 1.313159e+00 2.822472e-03 0.000000e+00 0.000000e+00
2.137454e+00 1.570796e+00 1.603387e+00 1.313159e+00 2.822472e-03 0.000000e+00 0.000000e+00
2.205512e+00 0.000000e+00 1.562149e+00 1.277676e+00 2.134115e-03 0.000000e+00 0.000000e+00
2.205512e+00 7.853982e-01 1.562149e+00 1.277676e+00 2.134115e-03 0.000000e+00 0.000000e+00
2.205512e+00 1.570796e+00 1.562149e+00 1.277676e+00 2.134115e-03 0.000000e+00 0.000000e+00
2.275203e+00 0.000000e+00 1.523279e+00 1.245166e+00 1.425400e-03 0.000000e+00 0.000000e+00
2.275203e+00 7.853982e-01 1.523279e+00 1.245166e+00 1.425400e-03 0.000000e+00 0.000000e+00
2.275203e+00 1.570796e+00 1.523279e+00 1.245166e+00 1.425400e-03 0.000000e+00 0.000000e+00
2.346564e+00 0.000000e+00 1.486822e+00 1.215366e+00 6.858301e-04 0.000000e+00 0.000000e+00
2.346564e+00 7.853982e-01 1.486822e+00 1.215366e+00 6.858301e-04 0.000000e+00 0.000000e+00
2.346564e+00 1.570796e+00 1.486822e+00 1.215366e+00 6.858301e-04 0.000000e+00 0.000000e+00
2.419638e+00 0.000000e+00 1.452817e+00 1.188038e+00 -9.705185e-05 0.000000e+00 0.000000e+00
2.419638e+00 7.853982e-01 1.452817e+00 1.188038e+00 -9.705185e-05 0.000000e+00 0.000000e+00
2.419638e+00 1.570796e+00 1.452817e+00 1.188038e+00 -9.705185e-05 0.000000e+00 0.000000e+00
2.494464e+00 0.000000e+00 1.421285e+00 1.162969e+00 -9.364299e-04 0.000000e+00 0.000000e+00
2.494464e+00 7.853982e-01 1.421285e+00 1.162969e+00 -9.364299e-04 0.000000e+00 0.000000e+00
2.494464e+00 1.570796e+00 1.421285e+00 1.162969e+00 -9.364299e-04 0.000000e+00 0.000000e+00
2.571085e+00 0.000000e+00 1.392233e+00 1.139965e+00 -1.844880e-03 0.000000e+00 0.000000e+00
2.571085e+00 7.853982e-01 1.392233e+00 1.139965e+00 -1.844880e-03 0.000000e+00 0.000000e+00
2.571085e+00 1.570796e+00 1.392233e+00 1.139965e+00 -1.844880e-03 0.000000e+00 0.000000e+00
2.649544e+00 0.000000e+00 1.365641e+00 1.118852e+00 -2.833350e-03 0.000000e+00 0.000000e+00
2.649544e+00 7.853982e-01 1.365641e+00 1.118852e+00 -2.833350e-03 0.000000e+00 0.000000e+00
2.649544e+00 1.570796e+00 1.365641e+00 1.118852e+00 -2.833350e-03 0.000000e+00 0.000000e+00
2.729885e+00 0.000000e+00 1.341466e+00 1.099471e+00 -3.910748e-03 0.000000e+00 0.000000e+00
2.729885e+00 7.853982e-01 1.341466e+00 1.099471e+00 -3.910748e-03 0.000000e+00 0.000000e+00
2.729885e+00 1.570796e+00 1.341466e+00 1.099471e+00 -3.910748e-03 0.000000e+00 0.000000e+00
2.812153e+00 0.000000e+00 1.319636e+00 1.081677e+00 -5.084166e-03 0.000000e+00 0.000000e+00
2.812153e+00 7.853982e-01 1.319636e+00 1.081677e+00 -5.084166e-03 0.000000e+00 0.000000e+00
2.812153e+00 1.570796e+00 1.319636e+00 1.081677e+00 -5.084166e-03 0.000000e+00 0.000000e+00
2.896394e+00 0.000000e+00 1.300056e+00 1.065339e+00 -6.359422e-03 0.000000e+00 0.000000e+00
2.896394e+00 7.853982e-01 1.300056e+00 1.065339e+00 -6.359422e-03 0.000000e+00 0.000000e+00
2.896394e+00 1.570796e+00 1.300056e+00 1.065339e+00 -6.359422e-03 0.000000e+00 0.000000e+00
2.982655e+00 0.000000e+00 1.282611e+00 1.050343e+00 -7.741433e-03 0.000000e+00 0.000000e+00
2.982655e+00 7.853982e-01 1.282611e+00 1.050343e+00 -7.741433e-03 0.000000e+00 0.000000e+00
2.982655e+00 1.570796e+00 1.282611e+00 1.050343e+00 -7.741433e-03 0.000000e+00 0.000000e+00
3.070986e+00 0.000000e+00 1.267165e+00 1.036585e+00 -9.234055e-03 0.000000e+00 0.000000e+00
3.070986e+00 7.853982e-01 1.267165e+00 1.036585e+00 -9.234055e-03 0.000000e+00 0.000000e+00
3.070986e+00 1.570796e+00 1.267165e+00 1.036585e+00 -9.234055e-03 0.000000e+00 0.000000e+00
3.161435e+00 0.000000e+00 1.253569e+00 1.023969e+00 -1.083934e-02 0.000000e+00 0.000000e+00
3.161435e+00 7.853982e-01 1.253569e+00 1.023969e+00 -1.083934e-02 0.000000e+00 0.000000e+00
3.161435e+00 1.570796e+00 1.253569e+00 1.023969e+00 -1.083934e-02 0.000000e+00 0.000000e+00
3.254054e+00 0.000000e+00 1.241664e+00 1.012410e+00 -1.255651e-02 0.000000e+00 0.000000e+00
3.254054e+00 7.853982e-01 1.241664e+00 1.012410e+00 -1.255651e-02 0.000000e+00 0.000000e+00
3.254054e+00 1.570796e+00 1.241664e+00 1.012410e+00 -1.255651e-02 0.000000e+00 0.000000e+00
3.348894e+00 0.000000e+00 1.231282e+00 1.001827e+00 -1.438110e-02 0.000000e+00 0.000000e+00
3.348894e+00 7.853982e-01 1.231282e+00 1.001827e+00 -1.438110e-02 0.000000e+00 0.000000e+00
3.348894e+00 1.570796e+00 1.231282e+00 1.001827e+00 -1.438110e-02 0.000000e+00 0.000000e+00
3.446009e+00 0.000000e+00 1.222250e+00 9.921424e-01 -1.630465e-02 0.000000e+00 0.000000e+00
3.446009e+00 7.853982e-01 1.222250e+00 9.921424e-01 -1.630465e-02 0.000000e+00 0.000000e+00
3.446009e+00 1.570796e+00 1.222250e+00 9.921424e-01 -1.630465e-02 0.000000e+00 0.000000e+00
3.545454e+00 0.000000e+00 1.214400e+00 9.832814e-01 -1.831498e-02 0.000000e+00 0.000000e+00
3.545454e+00 7.853982e-01 1.214400e+00 9.832814e-01 -1.831498e-02 0.000000e+00 0.000000e+00
3.545454e+00 1.570796e+00 1.214400e+00 9.832814e-01 -1.831498e-02 0.000000e+00 0.000000e+00
3.647283e+00 0.000000e+00 1.207565e+00 9.751729e-01 -2.039712e-02 0.000000e+00 0.000000e+00
3.647283e+00 7.853982e-01 1.207565e+00 9.751729e-01 -2.039712e-02 0.000000e+00 0.000000e+00
3.647283e+00 1.570796e+00 1.207565e+00 9.751729e-01 -2.039712e-02 0.000000e+00 0.000000e+00
3.751555e+00 0.000000e+00 1.201589e+00 9.677487e-01 -2.253437e-02 0.000000e+00 0.000000e+00
3.751555e+00 7.853982e-01 1.201589e+00 9.677487e-01 -2.253437e-02 0.000000e+00 0.000000e+00
3.751555e+00 1.570796e+00 1.201589e+00 9.677487e-01 -2.253437e-02 0.000000e+00 0.000000e+00
3.858328e+00 0.000000e+00 1.196329e+00 9.609451e-01 -2.470942e-02 0.000000e+00 0.000000e+00
3.858328e+00 7.853982e-01 1.196329e+00 9.609451e-01 -2.470942e-02 0.000000e+00 0.000000e+00
3.858328e+00 1.570796e+00 1.196329e+00 9.609451e-01 -2.470942e-02 0.000000e+00 0.000000e+00
3.967663e+00 0.000000e+00 1.191655e+00 9.547022e-01 -2.690487e-02 0.000000e+00 0.000000e+00
3.967663e+00 7.853982e-01 1.191655e+00 9.547022e-01 -2.690487e-02 0.000000e+00 0.000000e+00
3.967663e+00 1.570796e+00 1.191655e+00 9.547022e-01 -2.690487e-02 0.000000e+00 0.000000e+00
4.079619e+00 0.000000e+00 1.187452e+00 9.489635e-01 -2.910322e-02 0.000000e+00 0.000000e+00
4.079619e+00 7.853982e-01 1.187452e+00 9.489635e-01 -2.910322e-02 0.000000e+00 0.000000e+00
4.079619e+00 1.570796e+00 1.187452e+00 9.489635e-01 -2.910322e-02 0.000000e+00 0.000000e+00
4.194261e+00 0.000000e+00 1.183620e+00 9.436749e-01 -3.128637e-02 0.000000e+00 0.000000e+00
4.194261e+00 7.853982e-01 1.183620e+00 9.436749e-01 -3.128637e-02 0.000000e+00 0.000000e+00
4.194261e+00 1.570796e+00 1.183620e+00 9.436749e-01 -3.128637e-02 0.000000e+00 0.000000e+00
4.311653e+00 0.000000e+00 1.180072e+00 9.387838e-01 -3.343534e-02 0.000000e+00 0.000000e+00
4.311653e+00 7.853982e-01 1.180072e+00 9.387838e-01 -3.343534e-02 0.000000e+00 0.000000e+00
4.311653e+00 1.570796e+00 1.180072e+00 9.387838e-01 -3.343534e-02 0.000000e+00 0.000000e+00
4.431860e+00 0.000000e+00 1.176735e+00 9.342395e-01 -3.553076e-02 0.000000e+00 0.000000e+00
4.431860e+00 7.853982e-01 1.176735e+00 9.342395e-01 -3.553076e-02 0.000000e+00 0.000000e+00
4.431860e+00 1.570796e+00 1.176735e+00 9.342395e-01 -3.553076e-02 0.000000e+00 0.000000e+00
4.554951e+00 0.000000e+00 1.173548e+00 9.299950e-01 -3.755438e-02 0.000000e+00 0.000000e+00
4.554951e+00 7.853982e-01 1.173548e+00 9.299950e-01 -3.755438e-02 0.000000e+00 0.000000e+00
4.554951e+00 1.570796e+00 1.173548e+00 9.299950e-01 -3.755438e-02 0.000000e+00 0.000000e+00
4.680994e+00 0.000000e+00 1.170466e+00 9.260085e-01 -3.949074e-02 0.000000e+00 0.000000e+00
4.680994e+00 7.853982e-01 1.170466e+00 9.260085e-01 -3.949074e-02 0.000000e+00 0.000000e+00
4.680994e+00 1.570796e+00 1.170466e+00 9.260085e-01 -3.949074e-02 0.000000e+00 0.000000e+00
4.810060e+00 0.000000e+00 1.167455e+00 9.222450e-01 -4.132823e-02 0.000000e+00 0.000000e+00
4.810060e+00 7.853982e-01 1.167455e+00 9.222450e-01 -4.132823e-02 0.000000e+00 0.000000e+00
4.810060e+00 1.570796e+00 1.167455e+00 9.222450e-01 -4.132823e-02 0.000000e+00 0.000000e+00
4.942222e+00 0.000000e+00 1.164495e+00 9.186753e-01 -4.305871e-02 0.000000e+00 0.000000e+00
4.942222e+00 7.853982e-01 1.164495e+00 9.186753e-01 -4.305871e-02 0.000000e+00 0.000000e+00
4.942222e+00 1.570796e+00 1.164495e+00 9.186753e-01 -4.305871e-02 0.000000e+00 0.000000e+00
5.077554e+00 0.000000e+00 1.161573e+00 9.152747e-01 -4.467627e-02 0.000000e+00 0.000000e+00
5.077554e+00 7.853982e-01 1.161573e+00 9.152747e-01 -4.467627e-02 0.000000e+00 0.000000e+00
5.077554e+00 1.570796e+00 1.161573e+00 9.152747e-01 -4.467627e-02 0.000000e+00 0.000000e+00
5.216132e+00 0.000000e+00 1.158682e+00 9.120212e-01 -4.617589e-02 0.000000e+00 0.000000e+00
5.216132e+00 7.853982e-01 1.158682e+00 9.120212e-01 -4.617589e-02 0.000000e+00 0.000000e+00
5.216132e+00 1.570796e+00 1.158682e+00 9.120212e-01 -4.617589e-02 0.000000e+00 0.000000e+00
5.358034e+00 0.000000e+00 1.155818e+00 9.088947e-01 -4.755289e-02 0.000000e+00 0.000000e+00
5.358034e+00 7.853982e-01 1.155818e+00 9.088947e-01 -4.755289e-02 0.000000e+00 0.000000e+00
5.358034e+00 1.570796e+00 1.155818e+00 9.088947e-01 -4.755289e-02 0.000000e+00 0.000000e+00
5.503339e+00 0.000000e+00 1.152982e+00 9.058775e-01 -4.880320e-02 0.000000e+00 0.000000e+00
5.503339e+00 7.853982e-01 1.152982e+00 9.058775e-01 -4.880320e-02 0.000000e+00 0.000000e+00
5.503339e+00 1.570796e+00 1.152982e+00 9.058775e-01 -4.880320e-02 0.000000e+00 0.000000e+00
5.652130e+00 0.000000e+00 1.150174e+00 9.029544e-01 -4.992386e-02 0.000000e+00 0.000000e+00
5.652130e+00 7.853982e-01 1.150174e+00 9.029544e-01 -4.992386e-02 0.000000e+00 0.000000e+00
5.652130e+00 1.570796e+00 1.150174e+00 9.029544e-01 -4.992386e-02 0.000000e+00 0.000000e+00
5.804489e+00 0.000000e+00 1.147396e+00 9.001134e-01 -5.091336e-02 0.000000e+00 0.000000e+00
5.804489e+00 7.853982e-01 1.147396e+00 9.001134e-01 -5.091336e-02 0.000000e+00 0.000000e+00
5.804489e+00 1.570796e+00 1.147396e+00 9.001134e-01 -5.091336e-02 0.000000e+00 0.000000e+00
5.960503e+00 0.000000e+00 1.144650e+00 8.973455e-01 -5.177189e-02 0.000000e+00 0.000000e+00
5.960503e+00 7.853982e-01 1.144650e+00 8.973455e-01 -5.177189e-02 0.000000e+00 0.000000e+00
5.960503e+00 1.570796e+00 1.144650e+00 8.973455e-01 -5.177189e-02 0.000000e+00 0.000000e+00
6.120259e+00 0.000000e+00 1.141941e+00 8.946454e-01 -5.250154e-02 0.000000e+00 0.000000e+00
6.120259e+00 7.853982e-01 1.141941e+00 8.946454e-01 -5.250154e-02 0.000000e+00 0.000000e+00
6.120259e+00 1.570796e+00 1.141941e+00 8.946454e-01 -5.250154e-02 0.000000e+00 0.000000e+00
6.283847e+00 0.000000e+00 1.139278e+00 8.920108e-01 -5.310631e-02 0.000000e+00 0.000000e+00
6.283847e+00 7.853982e-01 1.139278e+00 8.920108e-01 -5.310631e-02 0.000000e+00 0.000000e+00
6.283847e+00 1.570796e+00 1.139278e+00 8.920108e-01 -5.310631e-02 0.000000e+00 0.000000e+00
6.451358e+00 0.000000e+00 1.136673e+00 8.894413e-01 -5.359108e-02 0.000000e+00 0.000000e+00
6.451358e+00 7.853982e-01 1.136673e+00 8.894413e-01 -5.359108e-02 0.000000e+00 0.000000e+00
6.451358e+00 1.570796e+00 1.136673e+00 8.894413e-01 -5.359108e-02 0.000000e+00 0.000000e+00
6.622888e+00 0.000000e+00 1.134136e+00 8.869360e-01 -5.395947e-02 0.000000e+00 0.000000e+00
6.622888e+00 7.853982e-01 1.134136e+00 8.869360e-01 -5.395947e-02 0.000000e+00 0.000000e+00
6.622888e+00 1.570796e+00 1.134136e+00 8.869360e-01 -5.395947e-02 0.000000e+00 0.000000e+00
6.798531e+00 0.000000e+00 1.131672e+00 8.844914e-01 -5.421297e-02 0.000000e+00 0.000000e+00
6.798531e+00 7.853982e-01 1.131672e+00 8.844914e-01 -5.421297e-02 0.000000e+00 0.000000e+00
6.798531e+00 1.570796e+00 1.131672e+00 8.844914e-01 -5.421297e-02 0.000000e+00 0.000000e+00
6.978388e+00 0.000000e+00 1.129283e+00 8.821083e-01 -5.435307e-02 0.000000e+00 0.000000e+00
6.978388e+00 7.853982e-01 1.129283e+00 8.821083e-01 -5.435307e-02 0.000000e+00 0.000000e+00
6.978388e+00 1.570796e+00 1.129283e+00 8.821083e-01 -5.435307e-02 0.000000e+00 0.000000e+00
7.162558e+00 0.000000e+00 1.126965e+00 8.797846e-01 -5.439872e-02 0.000000e+00 0.000000e+00
7.162558e+00 7.853982e-01 1.126965e+00 8.797846e-01 -5.439872e-02 0.000000e+00 0.000000e+00
7.162558e+00 1.570796e+00 1.126965e+00 8.797846e-01 -5.439872e-02 0.000000e+00 0.000000e+00
7.351146e+00 0.000000e+00 1.124741e+00 8.775440e-01 -5.433454e-02 0.000000e+00 0.000000e+00
7.351146e+00 7.853982e-01 1.124741e+00 8.775440e-01 -5.433454e-02 0.000000e+00 0.000000e+00
7.351146e+00 1.570796e+00 1.124741e+00 8.775440e-01 -5.433454e-02 0.000000e+00 0.000000e+00
7.544258e+00 0.000000e+00 1.122586e+00 8.753616e-01 -5.417969e-02 0.000000e+00 0.000000e+00
7.544258e+00 7.853982e-01 1.122586e+00 8.753616e-01 -5.417969e-02 0.000000e+00 0.000000e+00
7.544258e+00 1.570796e+00 1.122586e+00 8.753616e-01 -5.417969e-02 0.000000e+00 0.000000e+00
7.742001e+00 0.000000e+00 1.120533e+00 8.732660e-01 -5.396323e-02 0.000000e+00 0.000000e+00
7.742001e+00 7.853982e-01 1.120533e+00 8.732660e-01 -5.396323e-02 0.000000e+00 0.000000e+00
7.742001e+00 1.570796e+00 1.120533e+00 8.732660e-01 -5.396323e-02 0.000000e+00 0.000000e+00
7.944487e+00 0.000000e+00 1.118573e+00 8.712460e-01 -5.366250e-02 0.000000e+00 0.000000e+00
7.944487e+00 7.853982e-01 1.118573e+00 8.712460e-01 -5.366250e-02 0.000000e+00 0.000000e+00
7.944487e+00 1.570796e+00 1.118573e+00 8.712460e-01 -5.366250e-02 0.000000e+00 0.000000e+00
8.151830e+00 0.000000e+00 1.116698e+00 8.692888e-01 -5.327707e-02 0.000000e+00 0.000000e+00
8.151830e+00 7.853982e-01 1.116698e+00 8.692888e-01 -5.327707e-02 0.000000e+00 0.000000e+00
8.151830e+00 1.570796e+00 1.116698e+00 8.692888e-01 -5.327707e-02 0.000000e+00 0.000000e+00
8.364146e+00 0.000000e+00 1.114895e+00 8.673853e-01 -5.281075e-02 0.000000e+00 0.000000e+00
8.364146e+00 7.853982e-01 1.114895e+00 8.673853e-01 -5.281075e-02 0.000000e+00 0.000000e+00
8.364146e+00 1.570796e+00 1.114895e+00 8.673853e-01 -5.281075e-02 0.000000e+00 0.000000e+00
8.581555e+00 0.000000e+00 1.113159e+00 8.655373e-01 -5.227026e-02 0.000000e+00 0.000000e+00
8.581555e+00 7.853982e-01 1.113159e+00 8.655373e-01 -5.227026e-02 0.000000e+00 0.000000e+00
8.581555e+00 1.570796e+00 1.113159e+00 8.655373e-01 -5.227026e-02 0.000000e+00 0.000000e+00
8.804179e+00 0.000000e+00 1.111489e+00 8.637540e-01 -5.166636e-02 0.000000e+00 0.000000e+00
8.804179e+00 7.853982e-01 1.111489e+00 8.637540e-01 -5.166636e-02 0.000000e+00 0.000000e+00
8.804179e+00 1.570796e+00 1.111489e+00 8.637540e-01 -5.166636e-02 0.000000e+00 0.000000e+00
9.032142e+00 0.000000e+00 1.109875e+00 8.620340e-01 -5.101761e-02 0.000000e+00 0.000000e+00
9.032142e+00 7.853982e-01 1.109875e+00 8.620340e-01 -5.101761e-02 0.000000e+00 0.000000e+00
9.032142e+00 1.570796e+00 1.109875e+00 8.620340e-01 -5.101761e-02 0.000000e+00 0.000000e+00
9.265573e+00 0.000000e+00 1.108354e+00 8.604112e-01 -5.030731e-02 0.000000e+00 0.000000e+00
9.265573e+00 7.853982e-01 1.108354e+00 8.604112e-01 -5.030731e-02 0.000000e+00 0.000000e+00
9.265573e+00 1.570796e+00 1.108354e+00 8.604112e-01 -5.030731e-02 0.000000e+00 0.000000e+00
9.504603e+00 0.000000e+00 1.106819e+00 8.587667e-01 -4.966782e-02 0.000000e+00 0.000000e+00
9.504603e+00 7.853982e-01 1.106819e+00 8.587667e-01 -4.966782e-02 0.000000e+00 0.000000e+00
9.504603e+00 1.570796e+00 1.106819e+00 8.587667e-01 -4.966782e-02 0.000000e+00 0.000000e+00
9.749366e+00 0.000000e+00 1.105872e+00 8.577281e-01 -4.864780e-02 0.000000e+00 0.000000e+00
9.749366e+00 7.853982e-01 1.105872e+00 8.577281e-01 -4.864780e-02 0.000000e+00 0.000000e+00
9.749366e+00 1.570796e+00 1.105872e+00 8.577281e-01 -4.864780e-02 0.000000e+00 0.000000e+00
1.000000e+01 0.000000e+00 1.103348e+00 8.550893e-01 -4.969265e-02 0.000000e+00 0.000000e+00
1.000000e+01 7.853982e-01 1.103348e+00 8.550893e-01 -4.969265e-02 0.000000e+00 0.000000e+00
1.000000e+01 1.570796e+00 1.103348e+00 8.550893e-01 -4.969265e-02 0.000000e+00 0.000000e+00
