###############PARAM###############
2.500003e+03 
101 
3 
###################################
3.000000e-01 0.000000e+00 8.998646e+00 1.838601e+01 -1.059905e+00 0.000000e+00 0.000000e+00
3.000000e-01 7.853982e-01 8.998646e+00 1.838601e+01 -1.059905e+00 0.000000e+00 0.000000e+00
3.000000e-01 1.570796e+00 8.998646e+00 1.838601e+01 -1.059905e+00 0.000000e+00 0.000000e+00
3.970000e-01 0.000000e+00 6.569358e+00 9.524358e+00 -3.374812e-01 0.000000e+00 0.000000e+00
3.970000e-01 7.853982e-01 6.569358e+00 9.524358e+00 -3.374812e-01 0.000000e+00 0.000000e+00
3.970000e-01 1.570796e+00 6.569358e+00 9.524358e+00 -3.374812e-01 0.000000e+00 0.000000e+00
4.940000e-01 0.000000e+00 5.448476e+00 6.038910e+00 -3.522302e-01 0.000000e+00 0.000000e+00
4.940000e-01 7.853982e-01 5.448476e+00 6.038910e+00 -3.522302e-01 0.000000e+00 0.000000e+00
4.940000e-01 1.570796e+00 5.448476e+00 6.038910e+00 -3.522302e-01 0.000000e+00 0.000000e+00
5.910000e-01 0.000000e+00 4.073217e+00 4.366539e+00 -3.293840e-01 0.000000e+00 0.000000e+00
5.910000e-01 7.853982e-01 4.073217e+00 4.366539e+00 -3.293840e-01 0.000000e+00 0.000000e+00
5.910000e-01 1.570796e+00 4.073217e+00 4.366539e+00 -3.293840e-01 0.000000e+00 0.000000e+00
6.880000e-01 0.000000e+00 3.160391e+00 3.505188e+00 -2.953401e-01 0.000000e+00 0.000000e+00
6.880000e-01 7.853982e-01 3.160391e+00 3.505188e+00 -2.953401e-01 0.000000e+00 0.000000e+00
6.880000e-01 1.570796e+00 3.160391e+00 3.505188e+00 -2.953401e-01 0.000000e+00 0.000000e+00
7.850000e-01 0.000000e+00 2.727291e+00 2.990531e+00 -2.605679e-01 0.000000e+00 0.000000e+00
7.850000e-01 7.853982e-01 2.727291e+00 2.990531e+00 -2.605679e-01 0.000000e+00 0.000000e+00
7.850000e-01 1.570796e+00 2.727291e+00 2.990531e+00 -2.605679e-01 0.000000e+00 0.000000e+00
8.820000e-01 0.000000e+00 2.518468e+00 2.636777e+00 -2.291901e-01 0.000000e+00 0.000000e+00
8.820000e-01 7.853982e-01 2.518468e+00 2.636777e+00 -2.291901e-01 0.000000e+00 0.000000e+00
8.820000e-01 1.570796e+00 2.518468e+00 2.636777e+00 -2.291901e-01 0.000000e+00 0.000000e+00
9.790000e-01 0.000000e+00 2.367021e+00 2.373336e+00 -2.021707e-01 0.000000e+00 0.000000e+00
9.790000e-01 7.853982e-01 2.367021e+00 2.373336e+00 -2.021707e-01 0.000000e+00 0.000000e+00
9.790000e-01 1.570796e+00 2.367021e+00 2.373336e+00 -2.021707e-01 0.000000e+00 0.000000e+00
1.076000e+00 0.000000e+00 2.225286e+00 2.170183e+00 -1.793171e-01 0.000000e+00 0.000000e+00
1.076000e+00 7.853982e-01 2.225286e+00 2.170183e+00 -1.793171e-01 0.000000e+00 0.000000e+00
1.076000e+00 1.570796e+00 2.225286e+00 2.170183e+00 -1.793171e-01 0.000000e+00 0.000000e+00
1.173000e+00 0.000000e+00 2.096328e+00 2.010206e+00 -1.600064e-01 0.000000e+00 0.000000e+00
1.173000e+00 7.853982e-01 2.096328e+00 2.010206e+00 -1.600064e-01 0.000000e+00 0.000000e+00
1.173000e+00 1.570796e+00 2.096328e+00 2.010206e+00 -1.600064e-01 0.000000e+00 0.000000e+00
1.270000e+00 0.000000e+00 1.987788e+00 1.881700e+00 -1.436041e-01 0.000000e+00 0.000000e+00
1.270000e+00 7.853982e-01 1.987788e+00 1.881700e+00 -1.436041e-01 0.000000e+00 0.000000e+00
1.270000e+00 1.570796e+00 1.987788e+00 1.881700e+00 -1.436041e-01 0.000000e+00 0.000000e+00
1.367000e+00 0.000000e+00 1.899946e+00 1.776389e+00 -1.295762e-01 0.000000e+00 0.000000e+00
1.367000e+00 7.853982e-01 1.899946e+00 1.776389e+00 -1.295762e-01 0.000000e+00 0.000000e+00
1.367000e+00 1.570796e+00 1.899946e+00 1.776389e+00 -1.295762e-01 0.000000e+00 0.000000e+00
1.464000e+00 0.000000e+00 1.828455e+00 1.688509e+00 -1.174970e-01 0.000000e+00 0.000000e+00
1.464000e+00 7.853982e-01 1.828455e+00 1.688509e+00 -1.174970e-01 0.000000e+00 0.000000e+00
1.464000e+00 1.570796e+00 1.828455e+00 1.688509e+00 -1.174970e-01 0.000000e+00 0.000000e+00
1.561000e+00 0.000000e+00 1.768489e+00 1.614060e+00 -1.070297e-01 0.000000e+00 0.000000e+00
1.561000e+00 7.853982e-01 1.768489e+00 1.614060e+00 -1.070297e-01 0.000000e+00 0.000000e+00
1.561000e+00 1.570796e+00 1.768489e+00 1.614060e+00 -1.070297e-01 0.000000e+00 0.000000e+00
1.658000e+00 0.000000e+00 1.716614e+00 1.550209e+00 -9.790515e-02 0.000000e+00 0.000000e+00
1.658000e+00 7.853982e-01 1.716614e+00 1.550209e+00 -9.790515e-02 0.000000e+00 0.000000e+00
1.658000e+00 1.570796e+00 1.716614e+00 1.550209e+00 -9.790515e-02 0.000000e+00 0.000000e+00
1.755000e+00 0.000000e+00 1.670857e+00 1.494888e+00 -8.990708e-02 0.000000e+00 0.000000e+00
1.755000e+00 7.853982e-01 1.670857e+00 1.494888e+00 -8.990708e-02 0.000000e+00 0.000000e+00
1.755000e+00 1.570796e+00 1.670857e+00 1.494888e+00 -8.990708e-02 0.000000e+00 0.000000e+00
1.852000e+00 0.000000e+00 1.630150e+00 1.446532e+00 -8.286000e-02 0.000000e+00 0.000000e+00
1.852000e+00 7.853982e-01 1.630150e+00 1.446532e+00 -8.286000e-02 0.000000e+00 0.000000e+00
1.852000e+00 1.570796e+00 1.630150e+00 1.446532e+00 -8.286000e-02 0.000000e+00 0.000000e+00
1.949000e+00 0.000000e+00 1.593826e+00 1.403932e+00 -7.662070e-02 0.000000e+00 0.000000e+00
1.949000e+00 7.853982e-01 1.593826e+00 1.403932e+00 -7.662070e-02 0.000000e+00 0.000000e+00
1.949000e+00 1.570796e+00 1.593826e+00 1.403932e+00 -7.662070e-02 0.000000e+00 0.000000e+00
2.046000e+00 0.000000e+00 1.561344e+00 1.366137e+00 -7.107160e-02 0.000000e+00 0.000000e+00
2.046000e+00 7.853982e-01 1.561344e+00 1.366137e+00 -7.107160e-02 0.000000e+00 0.000000e+00
2.046000e+00 1.570796e+00 1.561344e+00 1.366137e+00 -7.107160e-02 0.000000e+00 0.000000e+00
2.143000e+00 0.000000e+00 1.532201e+00 1.332388e+00 -6.611555e-02 0.000000e+00 0.000000e+00
2.143000e+00 7.853982e-01 1.532201e+00 1.332388e+00 -6.611555e-02 0.000000e+00 0.000000e+00
2.143000e+00 1.570796e+00 1.532201e+00 1.332388e+00 -6.611555e-02 0.000000e+00 0.000000e+00
2.240000e+00 0.000000e+00 1.505931e+00 1.302078e+00 -6.167177e-02 0.000000e+00 0.000000e+00
2.240000e+00 7.853982e-01 1.505931e+00 1.302078e+00 -6.167177e-02 0.000000e+00 0.000000e+00
2.240000e+00 1.570796e+00 1.505931e+00 1.302078e+00 -6.167177e-02 0.000000e+00 0.000000e+00
2.337000e+00 0.000000e+00 1.482123e+00 1.274712e+00 -5.767271e-02 0.000000e+00 0.000000e+00
2.337000e+00 7.853982e-01 1.482123e+00 1.274712e+00 -5.767271e-02 0.000000e+00 0.000000e+00
2.337000e+00 1.570796e+00 1.482123e+00 1.274712e+00 -5.767271e-02 0.000000e+00 0.000000e+00
2.434000e+00 0.000000e+00 1.460432e+00 1.249887e+00 -5.406151e-02 0.000000e+00 0.000000e+00
2.434000e+00 7.853982e-01 1.460432e+00 1.249887e+00 -5.406151e-02 0.000000e+00 0.000000e+00
2.434000e+00 1.570796e+00 1.460432e+00 1.249887e+00 -5.406151e-02 0.000000e+00 0.000000e+00
2.531000e+00 0.000000e+00 1.440575e+00 1.227269e+00 -5.079005e-02 0.000000e+00 0.000000e+00
2.531000e+00 7.853982e-01 1.440575e+00 1.227269e+00 -5.079005e-02 0.000000e+00 0.000000e+00
2.531000e+00 1.570796e+00 1.440575e+00 1.227269e+00 -5.079005e-02 0.000000e+00 0.000000e+00
2.628000e+00 0.000000e+00 1.422325e+00 1.206579e+00 -4.781743e-02 0.000000e+00 0.000000e+00
2.628000e+00 7.853982e-01 1.422325e+00 1.206579e+00 -4.781743e-02 0.000000e+00 0.000000e+00
2.628000e+00 1.570796e+00 1.422325e+00 1.206579e+00 -4.781743e-02 0.000000e+00 0.000000e+00
2.725000e+00 0.000000e+00 1.405494e+00 1.187585e+00 -4.510864e-02 0.000000e+00 0.000000e+00
2.725000e+00 7.853982e-01 1.405494e+00 1.187585e+00 -4.510864e-02 0.000000e+00 0.000000e+00
2.725000e+00 1.570796e+00 1.405494e+00 1.187585e+00 -4.510864e-02 0.000000e+00 0.000000e+00
2.822000e+00 0.000000e+00 1.389925e+00 1.170087e+00 -4.263367e-02 0.000000e+00 0.000000e+00
2.822000e+00 7.853982e-01 1.389925e+00 1.170087e+00 -4.263367e-02 0.000000e+00 0.000000e+00
2.822000e+00 1.570796e+00 1.389925e+00 1.170087e+00 -4.263367e-02 0.000000e+00 0.000000e+00
2.919000e+00 0.000000e+00 1.375484e+00 1.153919e+00 -4.036659e-02 0.000000e+00 0.000000e+00
2.919000e+00 7.853982e-01 1.375484e+00 1.153919e+00 -4.036659e-02 0.000000e+00 0.000000e+00
2.919000e+00 1.570796e+00 1.375484e+00 1.153919e+00 -4.036659e-02 0.000000e+00 0.000000e+00
3.016000e+00 0.000000e+00 1.362057e+00 1.138935e+00 -3.828497e-02 0.000000e+00 0.000000e+00
3.016000e+00 7.853982e-01 1.362057e+00 1.138935e+00 -3.828497e-02 0.000000e+00 0.000000e+00
3.016000e+00 1.570796e+00 1.362057e+00 1.138935e+00 -3.828497e-02 0.000000e+00 0.000000e+00
3.113000e+00 0.000000e+00 1.349542e+00 1.125011e+00 -3.636929e-02 0.000000e+00 0.000000e+00
3.113000e+00 7.853982e-01 1.349542e+00 1.125011e+00 -3.636929e-02 0.000000e+00 0.000000e+00
3.113000e+00 1.570796e+00 1.349542e+00 1.125011e+00 -3.636929e-02 0.000000e+00 0.000000e+00
3.210000e+00 0.000000e+00 1.337849e+00 1.112041e+00 -3.460250e-02 0.000000e+00 0.000000e+00
3.210000e+00 7.853982e-01 1.337849e+00 1.112041e+00 -3.460250e-02 0.000000e+00 0.000000e+00
3.210000e+00 1.570796e+00 1.337849e+00 1.112041e+00 -3.460250e-02 0.000000e+00 0.000000e+00
3.307000e+00 0.000000e+00 1.326902e+00 1.099929e+00 -3.296970e-02 0.000000e+00 0.000000e+00
3.307000e+00 7.853982e-01 1.326902e+00 1.099929e+00 -3.296970e-02 0.000000e+00 0.000000e+00
3.307000e+00 1.570796e+00 1.326902e+00 1.099929e+00 -3.296970e-02 0.000000e+00 0.000000e+00
3.404000e+00 0.000000e+00 1.316631e+00 1.088594e+00 -3.145775e-02 0.000000e+00 0.000000e+00
3.404000e+00 7.853982e-01 1.316631e+00 1.088594e+00 -3.145775e-02 0.000000e+00 0.000000e+00
3.404000e+00 1.570796e+00 1.316631e+00 1.088594e+00 -3.145775e-02 0.000000e+00 0.000000e+00
3.501000e+00 0.000000e+00 1.306975e+00 1.077965e+00 -3.005509e-02 0.000000e+00 0.000000e+00
3.501000e+00 7.853982e-01 1.306975e+00 1.077965e+00 -3.005509e-02 0.000000e+00 0.000000e+00
3.501000e+00 1.570796e+00 1.306975e+00 1.077965e+00 -3.005509e-02 0.000000e+00 0.000000e+00
3.598000e+00 0.000000e+00 1.297880e+00 1.067978e+00 -2.875151e-02 0.000000e+00 0.000000e+00
3.598000e+00 7.853982e-01 1.297880e+00 1.067978e+00 -2.875151e-02 0.000000e+00 0.000000e+00
3.598000e+00 1.570796e+00 1.297880e+00 1.067978e+00 -2.875151e-02 0.000000e+00 0.000000e+00
3.695000e+00 0.000000e+00 1.289300e+00 1.058577e+00 -2.753791e-02 0.000000e+00 0.000000e+00
3.695000e+00 7.853982e-01 1.289300e+00 1.058577e+00 -2.753791e-02 0.000000e+00 0.000000e+00
3.695000e+00 1.570796e+00 1.289300e+00 1.058577e+00 -2.753791e-02 0.000000e+00 0.000000e+00
3.792000e+00 0.000000e+00 1.281192e+00 1.049712e+00 -2.640625e-02 0.000000e+00 0.000000e+00
3.792000e+00 7.853982e-01 1.281192e+00 1.049712e+00 -2.640625e-02 0.000000e+00 0.000000e+00
3.792000e+00 1.570796e+00 1.281192e+00 1.049712e+00 -2.640625e-02 0.000000e+00 0.000000e+00
3.889000e+00 0.000000e+00 1.273517e+00 1.041339e+00 -2.534933e-02 0.000000e+00 0.000000e+00
3.889000e+00 7.853982e-01 1.273517e+00 1.041339e+00 -2.534933e-02 0.000000e+00 0.000000e+00
3.889000e+00 1.570796e+00 1.273517e+00 1.041339e+00 -2.534933e-02 0.000000e+00 0.000000e+00
3.986000e+00 0.000000e+00 1.266244e+00 1.033419e+00 -2.436073e-02 0.000000e+00 0.000000e+00
3.986000e+00 7.853982e-01 1.266244e+00 1.033419e+00 -2.436073e-02 0.000000e+00 0.000000e+00
3.986000e+00 1.570796e+00 1.266244e+00 1.033419e+00 -2.436073e-02 0.000000e+00 0.000000e+00
4.083000e+00 0.000000e+00 1.259341e+00 1.025916e+00 -2.343468e-02 0.000000e+00 0.000000e+00
4.083000e+00 7.853982e-01 1.259341e+00 1.025916e+00 -2.343468e-02 0.000000e+00 0.000000e+00
4.083000e+00 1.570796e+00 1.259341e+00 1.025916e+00 -2.343468e-02 0.000000e+00 0.000000e+00
4.180000e+00 0.000000e+00 1.252780e+00 1.018798e+00 -2.256601e-02 0.000000e+00 0.000000e+00
4.180000e+00 7.853982e-01 1.252780e+00 1.018798e+00 -2.256601e-02 0.000000e+00 0.000000e+00
4.180000e+00 1.570796e+00 1.252780e+00 1.018798e+00 -2.256601e-02 0.000000e+00 0.000000e+00
4.277000e+00 0.000000e+00 1.246537e+00 1.012036e+00 -2.175005e-02 0.000000e+00 0.000000e+00
4.277000e+00 7.853982e-01 1.246537e+00 1.012036e+00 -2.175005e-02 0.000000e+00 0.000000e+00
4.277000e+00 1.570796e+00 1.246537e+00 1.012036e+00 -2.175005e-02 0.000000e+00 0.000000e+00
4.374000e+00 0.000000e+00 1.240590e+00 1.005605e+00 -2.098260e-02 0.000000e+00 0.000000e+00
4.374000e+00 7.853982e-01 1.240590e+00 1.005605e+00 -2.098260e-02 0.000000e+00 0.000000e+00
4.374000e+00 1.570796e+00 1.240590e+00 1.005605e+00 -2.098260e-02 0.000000e+00 0.000000e+00
4.471000e+00 0.000000e+00 1.234919e+00 9.994811e-01 -2.025984e-02 0.000000e+00 0.000000e+00
4.471000e+00 7.853982e-01 1.234919e+00 9.994811e-01 -2.025984e-02 0.000000e+00 0.000000e+00
4.471000e+00 1.570796e+00 1.234919e+00 9.994811e-01 -2.025984e-02 0.000000e+00 0.000000e+00
4.568000e+00 0.000000e+00 1.229503e+00 9.936429e-01 -1.957833e-02 0.000000e+00 0.000000e+00
4.568000e+00 7.853982e-01 1.229503e+00 9.936429e-01 -1.957833e-02 0.000000e+00 0.000000e+00
4.568000e+00 1.570796e+00 1.229503e+00 9.936429e-01 -1.957833e-02 0.000000e+00 0.000000e+00
4.665000e+00 0.000000e+00 1.224328e+00 9.880709e-01 -1.893492e-02 0.000000e+00 0.000000e+00
4.665000e+00 7.853982e-01 1.224328e+00 9.880709e-01 -1.893492e-02 0.000000e+00 0.000000e+00
4.665000e+00 1.570796e+00 1.224328e+00 9.880709e-01 -1.893492e-02 0.000000e+00 0.000000e+00
4.762000e+00 0.000000e+00 1.219376e+00 9.827476e-01 -1.832677e-02 0.000000e+00 0.000000e+00
4.762000e+00 7.853982e-01 1.219376e+00 9.827476e-01 -1.832677e-02 0.000000e+00 0.000000e+00
4.762000e+00 1.570796e+00 1.219376e+00 9.827476e-01 -1.832677e-02 0.000000e+00 0.000000e+00
4.859000e+00 0.000000e+00 1.214635e+00 9.776566e-01 -1.775130e-02 0.000000e+00 0.000000e+00
4.859000e+00 7.853982e-01 1.214635e+00 9.776566e-01 -1.775130e-02 0.000000e+00 0.000000e+00
4.859000e+00 1.570796e+00 1.214635e+00 9.776566e-01 -1.775130e-02 0.000000e+00 0.000000e+00
4.956000e+00 0.000000e+00 1.210090e+00 9.727833e-01 -1.720613e-02 0.000000e+00 0.000000e+00
4.956000e+00 7.853982e-01 1.210090e+00 9.727833e-01 -1.720613e-02 0.000000e+00 0.000000e+00
4.956000e+00 1.570796e+00 1.210090e+00 9.727833e-01 -1.720613e-02 0.000000e+00 0.000000e+00
5.053000e+00 0.000000e+00 1.205730e+00 9.681140e-01 -1.668912e-02 0.000000e+00 0.000000e+00
5.053000e+00 7.853982e-01 1.205730e+00 9.681140e-01 -1.668912e-02 0.000000e+00 0.000000e+00
5.053000e+00 1.570796e+00 1.205730e+00 9.681140e-01 -1.668912e-02 0.000000e+00 0.000000e+00
5.150000e+00 0.000000e+00 1.201544e+00 9.636363e-01 -1.619827e-02 0.000000e+00 0.000000e+00
5.150000e+00 7.853982e-01 1.201544e+00 9.636363e-01 -1.619827e-02 0.000000e+00 0.000000e+00
5.150000e+00 1.570796e+00 1.201544e+00 9.636363e-01 -1.619827e-02 0.000000e+00 0.000000e+00
5.247000e+00 0.000000e+00 1.197522e+00 9.593387e-01 -1.573179e-02 0.000000e+00 0.000000e+00
5.247000e+00 7.853982e-01 1.197522e+00 9.593387e-01 -1.573179e-02 0.000000e+00 0.000000e+00
5.247000e+00 1.570796e+00 1.197522e+00 9.593387e-01 -1.573179e-02 0.000000e+00 0.000000e+00
5.344000e+00 0.000000e+00 1.193654e+00 9.552106e-01 -1.528802e-02 0.000000e+00 0.000000e+00
5.344000e+00 7.853982e-01 1.193654e+00 9.552106e-01 -1.528802e-02 0.000000e+00 0.000000e+00
5.344000e+00 1.570796e+00 1.193654e+00 9.552106e-01 -1.528802e-02 0.000000e+00 0.000000e+00
5.441000e+00 0.000000e+00 1.189933e+00 9.512423e-01 -1.486541e-02 0.000000e+00 0.000000e+00
5.441000e+00 7.853982e-01 1.189933e+00 9.512423e-01 -1.486541e-02 0.000000e+00 0.000000e+00
5.441000e+00 1.570796e+00 1.189933e+00 9.512423e-01 -1.486541e-02 0.000000e+00 0.000000e+00
5.538000e+00 0.000000e+00 1.186348e+00 9.474246e-01 -1.446258e-02 0.000000e+00 0.000000e+00
5.538000e+00 7.853982e-01 1.186348e+00 9.474246e-01 -1.446258e-02 0.000000e+00 0.000000e+00
5.538000e+00 1.570796e+00 1.186348e+00 9.474246e-01 -1.446258e-02 0.000000e+00 0.000000e+00
5.635000e+00 0.000000e+00 1.182894e+00 9.437493e-01 -1.407821e-02 0.000000e+00 0.000000e+00
5.635000e+00 7.853982e-01 1.182894e+00 9.437493e-01 -1.407821e-02 0.000000e+00 0.000000e+00
5.635000e+00 1.570796e+00 1.182894e+00 9.437493e-01 -1.407821e-02 0.000000e+00 0.000000e+00
5.732000e+00 0.000000e+00 1.179563e+00 9.402086e-01 -1.371112e-02 0.000000e+00 0.000000e+00
5.732000e+00 7.853982e-01 1.179563e+00 9.402086e-01 -1.371112e-02 0.000000e+00 0.000000e+00
5.732000e+00 1.570796e+00 1.179563e+00 9.402086e-01 -1.371112e-02 0.000000e+00 0.000000e+00
5.829000e+00 0.000000e+00 1.176350e+00 9.367952e-01 -1.336020e-02 0.000000e+00 0.000000e+00
5.829000e+00 7.853982e-01 1.176350e+00 9.367952e-01 -1.336020e-02 0.000000e+00 0.000000e+00
5.829000e+00 1.570796e+00 1.176350e+00 9.367952e-01 -1.336020e-02 0.000000e+00 0.000000e+00
5.926000e+00 0.000000e+00 1.173246e+00 9.335024e-01 -1.302443e-02 0.000000e+00 0.000000e+00
5.926000e+00 7.853982e-01 1.173246e+00 9.335024e-01 -1.302443e-02 0.000000e+00 0.000000e+00
5.926000e+00 1.570796e+00 1.173246e+00 9.335024e-01 -1.302443e-02 0.000000e+00 0.000000e+00
6.023000e+00 0.000000e+00 1.170249e+00 9.303241e-01 -1.270285e-02 0.000000e+00 0.000000e+00
6.023000e+00 7.853982e-01 1.170249e+00 9.303241e-01 -1.270285e-02 0.000000e+00 0.000000e+00
6.023000e+00 1.570796e+00 1.170249e+00 9.303241e-01 -1.270285e-02 0.000000e+00 0.000000e+00
6.120000e+00 0.000000e+00 1.167351e+00 9.272544e-01 -1.239461e-02 0.000000e+00 0.000000e+00
6.120000e+00 7.853982e-01 1.167351e+00 9.272544e-01 -1.239461e-02 0.000000e+00 0.000000e+00
6.120000e+00 1.570796e+00 1.167351e+00 9.272544e-01 -1.239461e-02 0.000000e+00 0.000000e+00
6.217000e+00 0.000000e+00 1.164548e+00 9.242877e-01 -1.209887e-02 0.000000e+00 0.000000e+00
6.217000e+00 7.853982e-01 1.164548e+00 9.242877e-01 -1.209887e-02 0.000000e+00 0.000000e+00
6.217000e+00 1.570796e+00 1.164548e+00 9.242877e-01 -1.209887e-02 0.000000e+00 0.000000e+00
6.314000e+00 0.000000e+00 1.161835e+00 9.214192e-01 -1.181490e-02 0.000000e+00 0.000000e+00
6.314000e+00 7.853982e-01 1.161835e+00 9.214192e-01 -1.181490e-02 0.000000e+00 0.000000e+00
6.314000e+00 1.570796e+00 1.161835e+00 9.214192e-01 -1.181490e-02 0.000000e+00 0.000000e+00
6.411000e+00 0.000000e+00 1.159209e+00 9.186439e-01 -1.154197e-02 0.000000e+00 0.000000e+00
6.411000e+00 7.853982e-01 1.159209e+00 9.186439e-01 -1.154197e-02 0.000000e+00 0.000000e+00
6.411000e+00 1.570796e+00 1.159209e+00 9.186439e-01 -1.154197e-02 0.000000e+00 0.000000e+00
6.508000e+00 0.000000e+00 1.156665e+00 9.159575e-01 -1.127945e-02 0.000000e+00 0.000000e+00
6.508000e+00 7.853982e-01 1.156665e+00 9.159575e-01 -1.127945e-02 0.000000e+00 0.000000e+00
6.508000e+00 1.570796e+00 1.156665e+00 9.159575e-01 -1.127945e-02 0.000000e+00 0.000000e+00
6.605000e+00 0.000000e+00 1.154200e+00 9.133558e-01 -1.102671e-02 0.000000e+00 0.000000e+00
6.605000e+00 7.853982e-01 1.154200e+00 9.133558e-01 -1.102671e-02 0.000000e+00 0.000000e+00
6.605000e+00 1.570796e+00 1.154200e+00 9.133558e-01 -1.102671e-02 0.000000e+00 0.000000e+00
6.702000e+00 0.000000e+00 1.151809e+00 9.108349e-01 -1.078320e-02 0.000000e+00 0.000000e+00
6.702000e+00 7.853982e-01 1.151809e+00 9.108349e-01 -1.078320e-02 0.000000e+00 0.000000e+00
6.702000e+00 1.570796e+00 1.151809e+00 9.108349e-01 -1.078320e-02 0.000000e+00 0.000000e+00
6.799000e+00 0.000000e+00 1.149490e+00 9.083910e-01 -1.054839e-02 0.000000e+00 0.000000e+00
6.799000e+00 7.853982e-01 1.149490e+00 9.083910e-01 -1.054839e-02 0.000000e+00 0.000000e+00
6.799000e+00 1.570796e+00 1.149490e+00 9.083910e-01 -1.054839e-02 0.000000e+00 0.000000e+00
6.896000e+00 0.000000e+00 1.147239e+00 9.060208e-01 -1.032177e-02 0.000000e+00 0.000000e+00
6.896000e+00 7.853982e-01 1.147239e+00 9.060208e-01 -1.032177e-02 0.000000e+00 0.000000e+00
6.896000e+00 1.570796e+00 1.147239e+00 9.060208e-01 -1.032177e-02 0.000000e+00 0.000000e+00
6.993000e+00 0.000000e+00 1.145054e+00 9.037209e-01 -1.010290e-02 0.000000e+00 0.000000e+00
6.993000e+00 7.853982e-01 1.145054e+00 9.037209e-01 -1.010290e-02 0.000000e+00 0.000000e+00
6.993000e+00 1.570796e+00 1.145054e+00 9.037209e-01 -1.010290e-02 0.000000e+00 0.000000e+00
7.090000e+00 0.000000e+00 1.142931e+00 9.014883e-01 -9.891327e-03 0.000000e+00 0.000000e+00
7.090000e+00 7.853982e-01 1.142931e+00 9.014883e-01 -9.891327e-03 0.000000e+00 0.000000e+00
7.090000e+00 1.570796e+00 1.142931e+00 9.014883e-01 -9.891327e-03 0.000000e+00 0.000000e+00
7.187000e+00 0.000000e+00 1.140868e+00 8.993202e-01 -9.686663e-03 0.000000e+00 0.000000e+00
7.187000e+00 7.853982e-01 1.140868e+00 8.993202e-01 -9.686663e-03 0.000000e+00 0.000000e+00
7.187000e+00 1.570796e+00 1.140868e+00 8.993202e-01 -9.686663e-03 0.000000e+00 0.000000e+00
7.284000e+00 0.000000e+00 1.138863e+00 8.972136e-01 -9.488527e-03 0.000000e+00 0.000000e+00
7.284000e+00 7.853982e-01 1.138863e+00 8.972136e-01 -9.488527e-03 0.000000e+00 0.000000e+00
7.284000e+00 1.570796e+00 1.138863e+00 8.972136e-01 -9.488527e-03 0.000000e+00 0.000000e+00
7.381000e+00 0.000000e+00 1.136913e+00 8.951662e-01 -9.296566e-03 0.000000e+00 0.000000e+00
7.381000e+00 7.853982e-01 1.136913e+00 8.951662e-01 -9.296566e-03 0.000000e+00 0.000000e+00
7.381000e+00 1.570796e+00 1.136913e+00 8.951662e-01 -9.296566e-03 0.000000e+00 0.000000e+00
7.478000e+00 0.000000e+00 1.135016e+00 8.931755e-01 -9.110450e-03 0.000000e+00 0.000000e+00
7.478000e+00 7.853982e-01 1.135016e+00 8.931755e-01 -9.110450e-03 0.000000e+00 0.000000e+00
7.478000e+00 1.570796e+00 1.135016e+00 8.931755e-01 -9.110450e-03 0.000000e+00 0.000000e+00
7.575000e+00 0.000000e+00 1.133170e+00 8.912390e-01 -8.929868e-03 0.000000e+00 0.000000e+00
7.575000e+00 7.853982e-01 1.133170e+00 8.912390e-01 -8.929868e-03 0.000000e+00 0.000000e+00
7.575000e+00 1.570796e+00 1.133170e+00 8.912390e-01 -8.929868e-03 0.000000e+00 0.000000e+00
7.672000e+00 0.000000e+00 1.131372e+00 8.893548e-01 -8.754531e-03 0.000000e+00 0.000000e+00
7.672000e+00 7.853982e-01 1.131372e+00 8.893548e-01 -8.754531e-03 0.000000e+00 0.000000e+00
7.672000e+00 1.570796e+00 1.131372e+00 8.893548e-01 -8.754531e-03 0.000000e+00 0.000000e+00
7.769000e+00 0.000000e+00 1.129622e+00 8.875206e-01 -8.584164e-03 0.000000e+00 0.000000e+00
7.769000e+00 7.853982e-01 1.129622e+00 8.875206e-01 -8.584164e-03 0.000000e+00 0.000000e+00
7.769000e+00 1.570796e+00 1.129622e+00 8.875206e-01 -8.584164e-03 0.000000e+00 0.000000e+00
7.866000e+00 0.000000e+00 1.127917e+00 8.857345e-01 -8.418512e-03 0.000000e+00 0.000000e+00
7.866000e+00 7.853982e-01 1.127917e+00 8.857345e-01 -8.418512e-03 0.000000e+00 0.000000e+00
7.866000e+00 1.570796e+00 1.127917e+00 8.857345e-01 -8.418512e-03 0.000000e+00 0.000000e+00
7.963000e+00 0.000000e+00 1.126255e+00 8.839947e-01 -8.257333e-03 0.000000e+00 0.000000e+00
7.963000e+00 7.853982e-01 1.126255e+00 8.839947e-01 -8.257333e-03 0.000000e+00 0.000000e+00
7.963000e+00 1.570796e+00 1.126255e+00 8.839947e-01 -8.257333e-03 0.000000e+00 0.000000e+00
8.060000e+00 0.000000e+00 1.124635e+00 8.822994e-01 -8.100401e-03 0.000000e+00 0.000000e+00
8.060000e+00 7.853982e-01 1.124635e+00 8.822994e-01 -8.100401e-03 0.000000e+00 0.000000e+00
8.060000e+00 1.570796e+00 1.124635e+00 8.822994e-01 -8.100401e-03 0.000000e+00 0.000000e+00
8.157000e+00 0.000000e+00 1.123057e+00 8.806469e-01 -7.947503e-03 0.000000e+00 0.000000e+00
8.157000e+00 7.853982e-01 1.123057e+00 8.806469e-01 -7.947503e-03 0.000000e+00 0.000000e+00
8.157000e+00 1.570796e+00 1.123057e+00 8.806469e-01 -7.947503e-03 0.000000e+00 0.000000e+00
8.254000e+00 0.000000e+00 1.121519e+00 8.790356e-01 -7.798439e-03 0.000000e+00 0.000000e+00
8.254000e+00 7.853982e-01 1.121519e+00 8.790356e-01 -7.798439e-03 0.000000e+00 0.000000e+00
8.254000e+00 1.570796e+00 1.121519e+00 8.790356e-01 -7.798439e-03 0.000000e+00 0.000000e+00
8.351000e+00 0.000000e+00 1.120021e+00 8.774640e-01 -7.653021e-03 0.000000e+00 0.000000e+00
8.351000e+00 7.853982e-01 1.120021e+00 8.774640e-01 -7.653021e-03 0.000000e+00 0.000000e+00
8.351000e+00 1.570796e+00 1.120021e+00 8.774640e-01 -7.653021e-03 0.000000e+00 0.000000e+00
8.448000e+00 0.000000e+00 1.118561e+00 8.759306e-01 -7.511073e-03 0.000000e+00 0.000000e+00
8.448000e+00 7.853982e-01 1.118561e+00 8.759306e-01 -7.511073e-03 0.000000e+00 0.000000e+00
8.448000e+00 1.570796e+00 1.118561e+00 8.759306e-01 -7.511073e-03 0.000000e+00 0.000000e+00
8.545000e+00 0.000000e+00 1.117138e+00 8.744341e-01 -7.372427e-03 0.000000e+00 0.000000e+00
8.545000e+00 7.853982e-01 1.117138e+00 8.744341e-01 -7.372427e-03 0.000000e+00 0.000000e+00
8.545000e+00 1.570796e+00 1.117138e+00 8.744341e-01 -7.372427e-03 0.000000e+00 0.000000e+00
8.642000e+00 0.000000e+00 1.115753e+00 8.729731e-01 -7.236928e-03 0.000000e+00 0.000000e+00
8.642000e+00 7.853982e-01 1.115753e+00 8.729731e-01 -7.236928e-03 0.000000e+00 0.000000e+00
8.642000e+00 1.570796e+00 1.115753e+00 8.729731e-01 -7.236928e-03 0.000000e+00 0.000000e+00
8.739000e+00 0.000000e+00 1.114403e+00 8.715465e-01 -7.104428e-03 0.000000e+00 0.000000e+00
8.739000e+00 7.853982e-01 1.114403e+00 8.715465e-01 -7.104428e-03 0.000000e+00 0.000000e+00
8.739000e+00 1.570796e+00 1.114403e+00 8.715465e-01 -7.104428e-03 0.000000e+00 0.000000e+00
8.836000e+00 0.000000e+00 1.113091e+00 8.701529e-01 -6.974787e-03 0.000000e+00 0.000000e+00
8.836000e+00 7.853982e-01 1.113091e+00 8.701529e-01 -6.974787e-03 0.000000e+00 0.000000e+00
8.836000e+00 1.570796e+00 1.113091e+00 8.701529e-01 -6.974787e-03 0.000000e+00 0.000000e+00
8.933000e+00 0.000000e+00 1.111820e+00 8.687912e-01 -6.847876e-03 0.000000e+00 0.000000e+00
8.933000e+00 7.853982e-01 1.111820e+00 8.687912e-01 -6.847876e-03 0.000000e+00 0.000000e+00
8.933000e+00 1.570796e+00 1.111820e+00 8.687912e-01 -6.847876e-03 0.000000e+00 0.000000e+00
9.030000e+00 0.000000e+00 1.110597e+00 8.674604e-01 -6.723571e-03 0.000000e+00 0.000000e+00
9.030000e+00 7.853982e-01 1.110597e+00 8.674604e-01 -6.723571e-03 0.000000e+00 0.000000e+00
9.030000e+00 1.570796e+00 1.110597e+00 8.674604e-01 -6.723571e-03 0.000000e+00 0.000000e+00
9.127000e+00 0.000000e+00 1.109431e+00 8.661594e-01 -6.601753e-03 0.000000e+00 0.000000e+00
9.127000e+00 7.853982e-01 1.109431e+00 8.661594e-01 -6.601753e-03 0.000000e+00 0.000000e+00
9.127000e+00 1.570796e+00 1.109431e+00 8.661594e-01 -6.601753e-03 0.000000e+00 0.000000e+00
9.224000e+00 0.000000e+00 1.108335e+00 8.648870e-01 -6.482320e-03 0.000000e+00 0.000000e+00
9.224000e+00 7.853982e-01 1.108335e+00 8.648870e-01 -6.482320e-03 0.000000e+00 0.000000e+00
9.224000e+00 1.570796e+00 1.108335e+00 8.648870e-01 -6.482320e-03 0.000000e+00 0.000000e+00
9.321000e+00 0.000000e+00 1.107321e+00 8.636425e-01 -6.365140e-03 0.000000e+00 0.000000e+00
9.321000e+00 7.853982e-01 1.107321e+00 8.636425e-01 -6.365140e-03 0.000000e+00 0.000000e+00
9.321000e+00 1.570796e+00 1.107321e+00 8.636425e-01 -6.365140e-03 0.000000e+00 0.000000e+00
9.418000e+00 0.000000e+00 1.106405e+00 8.624245e-01 -6.250214e-03 0.000000e+00 0.000000e+00
9.418000e+00 7.853982e-01 1.106405e+00 8.624245e-01 -6.250214e-03 0.000000e+00 0.000000e+00
9.418000e+00 1.570796e+00 1.106405e+00 8.624245e-01 -6.250214e-03 0.000000e+00 0.000000e+00
9.515000e+00 0.000000e+00 1.105606e+00 8.612328e-01 -6.136949e-03 0.000000e+00 0.000000e+00
9.515000e+00 7.853982e-01 1.105606e+00 8.612328e-01 -6.136949e-03 0.000000e+00 0.000000e+00
9.515000e+00 1.570796e+00 1.105606e+00 8.612328e-01 -6.136949e-03 0.000000e+00 0.000000e+00
9.612000e+00 0.000000e+00 1.104945e+00 8.600638e-01 -6.027044e-03 0.000000e+00 0.000000e+00
9.612000e+00 7.853982e-01 1.104945e+00 8.600638e-01 -6.027044e-03 0.000000e+00 0.000000e+00
9.612000e+00 1.570796e+00 1.104945e+00 8.600638e-01 -6.027044e-03 0.000000e+00 0.000000e+00
9.709000e+00 0.000000e+00 1.104475e+00 8.589253e-01 -5.911290e-03 0.000000e+00 0.000000e+00
9.709000e+00 7.853982e-01 1.104475e+00 8.589253e-01 -5.911290e-03 0.000000e+00 0.000000e+00
9.709000e+00 1.570796e+00 1.104475e+00 8.589253e-01 -5.911290e-03 0.000000e+00 0.000000e+00
9.806000e+00 0.000000e+00 1.104228e+00 8.577725e-01 -5.822258e-03 0.000000e+00 0.000000e+00
9.806000e+00 7.853982e-01 1.104228e+00 8.577725e-01 -5.822258e-03 0.000000e+00 0.000000e+00
9.806000e+00 1.570796e+00 1.104228e+00 8.577725e-01 -5.822258e-03 0.000000e+00 0.000000e+00
9.903000e+00 0.000000e+00 1.104376e+00 8.567609e-01 -5.593264e-03 0.000000e+00 0.000000e+00
9.903000e+00 7.853982e-01 1.104376e+00 8.567609e-01 -5.593264e-03 0.000000e+00 0.000000e+00
9.903000e+00 1.570796e+00 1.104376e+00 8.567609e-01 -5.593264e-03 0.000000e+00 0.000000e+00
1.000000e+01 0.000000e+00 1.103348e+00 8.550893e-01 -6.608897e-03 0.000000e+00 0.000000e+00
1.000000e+01 7.853982e-01 1.103348e+00 8.550893e-01 -6.608897e-03 0.000000e+00 0.000000e+00
1.000000e+01 1.570796e+00 1.103348e+00 8.550893e-01 -6.608897e-03 0.000000e+00 0.000000e+00
