###############PARAM###############
3.000033e+02 
101 
3 
###################################
3.000000e-01 0.000000e+00 7.682876e+01 2.604540e+02 -8.161278e-01 0.000000e+00 0.000000e+00
3.000000e-01 7.853982e-01 7.682876e+01 2.604540e+02 -8.161278e-01 0.000000e+00 0.000000e+00
3.000000e-01 1.570796e+00 7.682876e+01 2.604540e+02 -8.161278e-01 0.000000e+00 0.000000e+00
3.239856e-01 0.000000e+00 5.938422e+01 1.669897e+02 -2.280536e-01 0.000000e+00 0.000000e+00
3.239856e-01 7.853982e-01 5.938422e+01 1.669897e+02 -2.280536e-01 0.000000e+00 0.000000e+00
3.239856e-01 1.570796e+00 5.938422e+01 1.669897e+02 -2.280536e-01 0.000000e+00 0.000000e+00
3.485465e-01 0.000000e+00 5.035320e+01 1.166918e+02 -2.037043e-01 0.000000e+00 0.000000e+00
3.485465e-01 7.853982e-01 5.035320e+01 1.166918e+02 -2.037043e-01 0.000000e+00 0.000000e+00
3.485465e-01 1.570796e+00 5.035320e+01 1.166918e+02 -2.037043e-01 0.000000e+00 0.000000e+00
3.736964e-01 0.000000e+00 3.995334e+01 8.204171e+01 -1.607003e-01 0.000000e+00 0.000000e+00
3.736964e-01 7.853982e-01 3.995334e+01 8.204171e+01 -1.607003e-01 0.000000e+00 0.000000e+00
3.736964e-01 1.570796e+00 3.995334e+01 8.204171e+01 -1.607003e-01 0.000000e+00 0.000000e+00
3.994497e-01 0.000000e+00 2.981931e+01 5.914550e+01 -1.271650e-01 0.000000e+00 0.000000e+00
3.994497e-01 7.853982e-01 2.981931e+01 5.914550e+01 -1.271650e-01 0.000000e+00 0.000000e+00
3.994497e-01 1.570796e+00 2.981931e+01 5.914550e+01 -1.271650e-01 0.000000e+00 0.000000e+00
4.258206e-01 0.000000e+00 2.167989e+01 4.432020e+01 -1.008952e-01 0.000000e+00 0.000000e+00
4.258206e-01 7.853982e-01 2.167989e+01 4.432020e+01 -1.008952e-01 0.000000e+00 0.000000e+00
4.258206e-01 1.570796e+00 2.167989e+01 4.432020e+01 -1.008952e-01 0.000000e+00 0.000000e+00
4.528240e-01 0.000000e+00 1.611690e+01 3.471862e+01 -8.192466e-02 0.000000e+00 0.000000e+00
4.528240e-01 7.853982e-01 1.611690e+01 3.471862e+01 -8.192466e-02 0.000000e+00 0.000000e+00
4.528240e-01 1.570796e+00 1.611690e+01 3.471862e+01 -8.192466e-02 0.000000e+00 0.000000e+00
4.804752e-01 0.000000e+00 1.275066e+01 2.820781e+01 -6.793798e-02 0.000000e+00 0.000000e+00
4.804752e-01 7.853982e-01 1.275066e+01 2.820781e+01 -6.793798e-02 0.000000e+00 0.000000e+00
4.804752e-01 1.570796e+00 1.275066e+01 2.820781e+01 -6.793798e-02 0.000000e+00 0.000000e+00
5.087896e-01 0.000000e+00 1.088196e+01 2.346194e+01 -5.761492e-02 0.000000e+00 0.000000e+00
5.087896e-01 7.853982e-01 1.088196e+01 2.346194e+01 -5.761492e-02 0.000000e+00 0.000000e+00
5.087896e-01 1.570796e+00 1.088196e+01 2.346194e+01 -5.761492e-02 0.000000e+00 0.000000e+00
5.377831e-01 0.000000e+00 9.850058e+00 1.974147e+01 -4.984463e-02 0.000000e+00 0.000000e+00
5.377831e-01 7.853982e-01 9.850058e+00 1.974147e+01 -4.984463e-02 0.000000e+00 0.000000e+00
5.377831e-01 1.570796e+00 9.850058e+00 1.974147e+01 -4.984463e-02 0.000000e+00 0.000000e+00
5.674720e-01 0.000000e+00 9.174302e+00 1.667904e+01 -4.399658e-02 0.000000e+00 0.000000e+00
5.674720e-01 7.853982e-01 9.174302e+00 1.667904e+01 -4.399658e-02 0.000000e+00 0.000000e+00
5.674720e-01 1.570796e+00 9.174302e+00 1.667904e+01 -4.399658e-02 0.000000e+00 0.000000e+00
5.978731e-01 0.000000e+00 8.570902e+00 1.410702e+01 -3.967804e-02 0.000000e+00 0.000000e+00
5.978731e-01 7.853982e-01 8.570902e+00 1.410702e+01 -3.967804e-02 0.000000e+00 0.000000e+00
5.978731e-01 1.570796e+00 8.570902e+00 1.410702e+01 -3.967804e-02 0.000000e+00 0.000000e+00
6.290033e-01 0.000000e+00 7.914883e+00 1.194801e+01 -3.659283e-02 0.000000e+00 0.000000e+00
6.290033e-01 7.853982e-01 7.914883e+00 1.194801e+01 -3.659283e-02 0.000000e+00 0.000000e+00
6.290033e-01 1.570796e+00 7.914883e+00 1.194801e+01 -3.659283e-02 0.000000e+00 0.000000e+00
6.608802e-01 0.000000e+00 7.184648e+00 1.015558e+01 -3.447255e-02 0.000000e+00 0.000000e+00
6.608802e-01 7.853982e-01 7.184648e+00 1.015558e+01 -3.447255e-02 0.000000e+00 0.000000e+00
6.608802e-01 1.570796e+00 7.184648e+00 1.015558e+01 -3.447255e-02 0.000000e+00 0.000000e+00
6.935217e-01 0.000000e+00 6.411372e+00 8.688412e+00 -3.306952e-02 0.000000e+00 0.000000e+00
6.935217e-01 7.853982e-01 6.411372e+00 8.688412e+00 -3.306952e-02 0.000000e+00 0.000000e+00
6.935217e-01 1.570796e+00 6.411372e+00 8.688412e+00 -3.306952e-02 0.000000e+00 0.000000e+00
7.269461e-01 0.000000e+00 5.643038e+00 7.502792e+00 -3.216467e-02 0.000000e+00 0.000000e+00
7.269461e-01 7.853982e-01 5.643038e+00 7.502792e+00 -3.216467e-02 0.000000e+00 0.000000e+00
7.269461e-01 1.570796e+00 5.643038e+00 7.502792e+00 -3.216467e-02 0.000000e+00 0.000000e+00
7.611722e-01 0.000000e+00 4.923956e+00 6.553267e+00 -3.157862e-02 0.000000e+00 0.000000e+00
7.611722e-01 7.853982e-01 4.923956e+00 6.553267e+00 -3.157862e-02 0.000000e+00 0.000000e+00
7.611722e-01 1.570796e+00 4.923956e+00 6.553267e+00 -3.157862e-02 0.000000e+00 0.000000e+00
7.962193e-01 0.000000e+00 4.286018e+00 5.795600e+00 -3.117633e-02 0.000000e+00 0.000000e+00
7.962193e-01 7.853982e-01 4.286018e+00 5.795600e+00 -3.117633e-02 0.000000e+00 0.000000e+00
7.962193e-01 1.570796e+00 4.286018e+00 5.795600e+00 -3.117633e-02 0.000000e+00 0.000000e+00
8.321069e-01 0.000000e+00 3.747031e+00 5.189454e+00 -3.086381e-02 0.000000e+00 0.000000e+00
8.321069e-01 7.853982e-01 3.747031e+00 5.189454e+00 -3.086381e-02 0.000000e+00 0.000000e+00
8.321069e-01 1.570796e+00 3.747031e+00 5.189454e+00 -3.086381e-02 0.000000e+00 0.000000e+00
8.688554e-01 0.000000e+00 3.312456e+00 4.700034e+00 -3.057920e-02 0.000000e+00 0.000000e+00
8.688554e-01 7.853982e-01 3.312456e+00 4.700034e+00 -3.057920e-02 0.000000e+00 0.000000e+00
8.688554e-01 1.570796e+00 3.312456e+00 4.700034e+00 -3.057920e-02 0.000000e+00 0.000000e+00
9.064853e-01 0.000000e+00 2.978276e+00 4.298690e+00 -3.028229e-02 0.000000e+00 0.000000e+00
9.064853e-01 7.853982e-01 2.978276e+00 4.298690e+00 -3.028229e-02 0.000000e+00 0.000000e+00
9.064853e-01 1.570796e+00 2.978276e+00 4.298690e+00 -3.028229e-02 0.000000e+00 0.000000e+00
9.450178e-01 0.000000e+00 2.733891e+00 3.962796e+00 -2.994606e-02 0.000000e+00 0.000000e+00
9.450178e-01 7.853982e-01 2.733891e+00 3.962796e+00 -2.994606e-02 0.000000e+00 0.000000e+00
9.450178e-01 1.570796e+00 2.733891e+00 3.962796e+00 -2.994606e-02 0.000000e+00 0.000000e+00
9.844745e-01 0.000000e+00 2.564668e+00 3.675176e+00 -2.955344e-02 0.000000e+00 0.000000e+00
9.844745e-01 7.853982e-01 2.564668e+00 3.675176e+00 -2.955344e-02 0.000000e+00 0.000000e+00
9.844745e-01 1.570796e+00 2.564668e+00 3.675176e+00 -2.955344e-02 0.000000e+00 0.000000e+00
1.024878e+00 0.000000e+00 2.454097e+00 3.423313e+00 -2.909868e-02 0.000000e+00 0.000000e+00
1.024878e+00 7.853982e-01 2.454097e+00 3.423313e+00 -2.909868e-02 0.000000e+00 0.000000e+00
1.024878e+00 1.570796e+00 2.454097e+00 3.423313e+00 -2.909868e-02 0.000000e+00 0.000000e+00
1.066250e+00 0.000000e+00 2.385569e+00 3.198468e+00 -2.858919e-02 0.000000e+00 0.000000e+00
1.066250e+00 7.853982e-01 2.385569e+00 3.198468e+00 -2.858919e-02 0.000000e+00 0.000000e+00
1.066250e+00 1.570796e+00 2.385569e+00 3.198468e+00 -2.858919e-02 0.000000e+00 0.000000e+00
1.108614e+00 0.000000e+00 2.343801e+00 2.994819e+00 -2.804424e-02 0.000000e+00 0.000000e+00
1.108614e+00 7.853982e-01 2.343801e+00 2.994819e+00 -2.804424e-02 0.000000e+00 0.000000e+00
1.108614e+00 1.570796e+00 2.343801e+00 2.994819e+00 -2.804424e-02 0.000000e+00 0.000000e+00
1.151995e+00 0.000000e+00 2.315871e+00 2.808657e+00 -2.749092e-02 0.000000e+00 0.000000e+00
1.151995e+00 7.853982e-01 2.315871e+00 2.808657e+00 -2.749092e-02 0.000000e+00 0.000000e+00
1.151995e+00 1.570796e+00 2.315871e+00 2.808657e+00 -2.749092e-02 0.000000e+00 0.000000e+00
1.196416e+00 0.000000e+00 2.291830e+00 2.637712e+00 -2.696147e-02 0.000000e+00 0.000000e+00
1.196416e+00 7.853982e-01 2.291830e+00 2.637712e+00 -2.696147e-02 0.000000e+00 0.000000e+00
1.196416e+00 1.570796e+00 2.291830e+00 2.637712e+00 -2.696147e-02 0.000000e+00 0.000000e+00
1.241903e+00 0.000000e+00 2.264885e+00 2.480610e+00 -2.649393e-02 0.000000e+00 0.000000e+00
1.241903e+00 7.853982e-01 2.264885e+00 2.480610e+00 -2.649393e-02 0.000000e+00 0.000000e+00
1.241903e+00 1.570796e+00 2.264885e+00 2.480610e+00 -2.649393e-02 0.000000e+00 0.000000e+00
1.288480e+00 0.000000e+00 2.231183e+00 2.336478e+00 -2.613171e-02 0.000000e+00 0.000000e+00
1.288480e+00 7.853982e-01 2.231183e+00 2.336478e+00 -2.613171e-02 0.000000e+00 0.000000e+00
1.288480e+00 1.570796e+00 2.231183e+00 2.336478e+00 -2.613171e-02 0.000000e+00 0.000000e+00
1.336175e+00 0.000000e+00 2.189300e+00 2.204653e+00 -2.591588e-02 0.000000e+00 0.000000e+00
1.336175e+00 7.853982e-01 2.189300e+00 2.204653e+00 -2.591588e-02 0.000000e+00 0.000000e+00
1.336175e+00 1.570796e+00 2.189300e+00 2.204653e+00 -2.591588e-02 0.000000e+00 0.000000e+00
1.385014e+00 0.000000e+00 2.139568e+00 2.084482e+00 -2.585057e-02 0.000000e+00 0.000000e+00
1.385014e+00 7.853982e-01 2.139568e+00 2.084482e+00 -2.585057e-02 0.000000e+00 0.000000e+00
1.385014e+00 1.570796e+00 2.139568e+00 2.084482e+00 -2.585057e-02 0.000000e+00 0.000000e+00
1.435024e+00 0.000000e+00 2.083407e+00 1.975229e+00 -2.598110e-02 0.000000e+00 0.000000e+00
1.435024e+00 7.853982e-01 2.083407e+00 1.975229e+00 -2.598110e-02 0.000000e+00 0.000000e+00
1.435024e+00 1.570796e+00 2.083407e+00 1.975229e+00 -2.598110e-02 0.000000e+00 0.000000e+00
1.486234e+00 0.000000e+00 2.023066e+00 1.876449e+00 -2.635343e-02 0.000000e+00 0.000000e+00
1.486234e+00 7.853982e-01 2.023066e+00 1.876449e+00 -2.635343e-02 0.000000e+00 0.000000e+00
1.486234e+00 1.570796e+00 2.023066e+00 1.876449e+00 -2.635343e-02 0.000000e+00 0.000000e+00
1.538672e+00 0.000000e+00 1.960557e+00 1.787182e+00 -2.694694e-02 0.000000e+00 0.000000e+00
1.538672e+00 7.853982e-01 1.960557e+00 1.787182e+00 -2.694694e-02 0.000000e+00 0.000000e+00
1.538672e+00 1.570796e+00 1.960557e+00 1.787182e+00 -2.694694e-02 0.000000e+00 0.000000e+00
1.592368e+00 0.000000e+00 1.897891e+00 1.706653e+00 -2.776543e-02 0.000000e+00 0.000000e+00
1.592368e+00 7.853982e-01 1.897891e+00 1.706653e+00 -2.776543e-02 0.000000e+00 0.000000e+00
1.592368e+00 1.570796e+00 1.897891e+00 1.706653e+00 -2.776543e-02 0.000000e+00 0.000000e+00
1.647352e+00 0.000000e+00 1.836758e+00 1.634091e+00 -2.880364e-02 0.000000e+00 0.000000e+00
1.647352e+00 7.853982e-01 1.836758e+00 1.634091e+00 -2.880364e-02 0.000000e+00 0.000000e+00
1.647352e+00 1.570796e+00 1.836758e+00 1.634091e+00 -2.880364e-02 0.000000e+00 0.000000e+00
1.703654e+00 0.000000e+00 1.778415e+00 1.568708e+00 -3.004591e-02 0.000000e+00 0.000000e+00
1.703654e+00 7.853982e-01 1.778415e+00 1.568708e+00 -3.004591e-02 0.000000e+00 0.000000e+00
1.703654e+00 1.570796e+00 1.778415e+00 1.568708e+00 -3.004591e-02 0.000000e+00 0.000000e+00
1.761307e+00 0.000000e+00 1.723712e+00 1.509759e+00 -3.146770e-02 0.000000e+00 0.000000e+00
1.761307e+00 7.853982e-01 1.723712e+00 1.509759e+00 -3.146770e-02 0.000000e+00 0.000000e+00
1.761307e+00 1.570796e+00 1.723712e+00 1.509759e+00 -3.146770e-02 0.000000e+00 0.000000e+00
1.820343e+00 0.000000e+00 1.673133e+00 1.456560e+00 -3.304238e-02 0.000000e+00 0.000000e+00
1.820343e+00 7.853982e-01 1.673133e+00 1.456560e+00 -3.304238e-02 0.000000e+00 0.000000e+00
1.820343e+00 1.570796e+00 1.673133e+00 1.456560e+00 -3.304238e-02 0.000000e+00 0.000000e+00
1.880795e+00 0.000000e+00 1.626857e+00 1.408496e+00 -3.474642e-02 0.000000e+00 0.000000e+00
1.880795e+00 7.853982e-01 1.626857e+00 1.408496e+00 -3.474642e-02 0.000000e+00 0.000000e+00
1.880795e+00 1.570796e+00 1.626857e+00 1.408496e+00 -3.474642e-02 0.000000e+00 0.000000e+00
1.942697e+00 0.000000e+00 1.584823e+00 1.365018e+00 -3.655821e-02 0.000000e+00 0.000000e+00
1.942697e+00 7.853982e-01 1.584823e+00 1.365018e+00 -3.655821e-02 0.000000e+00 0.000000e+00
1.942697e+00 1.570796e+00 1.584823e+00 1.365018e+00 -3.655821e-02 0.000000e+00 0.000000e+00
2.006083e+00 0.000000e+00 1.546799e+00 1.325631e+00 -3.845597e-02 0.000000e+00 0.000000e+00
2.006083e+00 7.853982e-01 1.546799e+00 1.325631e+00 -3.845597e-02 0.000000e+00 0.000000e+00
2.006083e+00 1.570796e+00 1.546799e+00 1.325631e+00 -3.845597e-02 0.000000e+00 0.000000e+00
2.070990e+00 0.000000e+00 1.512451e+00 1.289893e+00 -4.041768e-02 0.000000e+00 0.000000e+00
2.070990e+00 7.853982e-01 1.512451e+00 1.289893e+00 -4.041768e-02 0.000000e+00 0.000000e+00
2.070990e+00 1.570796e+00 1.512451e+00 1.289893e+00 -4.041768e-02 0.000000e+00 0.000000e+00
2.137454e+00 0.000000e+00 1.481397e+00 1.257408e+00 -4.242120e-02 0.000000e+00 0.000000e+00
2.137454e+00 7.853982e-01 1.481397e+00 1.257408e+00 -4.242120e-02 0.000000e+00 0.000000e+00
2.137454e+00 1.570796e+00 1.481397e+00 1.257408e+00 -4.242120e-02 0.000000e+00 0.000000e+00
2.205512e+00 0.000000e+00 1.453250e+00 1.227817e+00 -4.444362e-02 0.000000e+00 0.000000e+00
2.205512e+00 7.853982e-01 1.453250e+00 1.227817e+00 -4.444362e-02 0.000000e+00 0.000000e+00
2.205512e+00 1.570796e+00 1.453250e+00 1.227817e+00 -4.444362e-02 0.000000e+00 0.000000e+00
2.275203e+00 0.000000e+00 1.427643e+00 1.200795e+00 -4.646086e-02 0.000000e+00 0.000000e+00
2.275203e+00 7.853982e-01 1.427643e+00 1.200795e+00 -4.646086e-02 0.000000e+00 0.000000e+00
2.275203e+00 1.570796e+00 1.427643e+00 1.200795e+00 -4.646086e-02 0.000000e+00 0.000000e+00
2.346564e+00 0.000000e+00 1.404245e+00 1.176045e+00 -4.844856e-02 0.000000e+00 0.000000e+00
2.346564e+00 7.853982e-01 1.404245e+00 1.176045e+00 -4.844856e-02 0.000000e+00 0.000000e+00
2.346564e+00 1.570796e+00 1.404245e+00 1.176045e+00 -4.844856e-02 0.000000e+00 0.000000e+00
2.419638e+00 0.000000e+00 1.382767e+00 1.153297e+00 -5.038349e-02 0.000000e+00 0.000000e+00
2.419638e+00 7.853982e-01 1.382767e+00 1.153297e+00 -5.038349e-02 0.000000e+00 0.000000e+00
2.419638e+00 1.570796e+00 1.382767e+00 1.153297e+00 -5.038349e-02 0.000000e+00 0.000000e+00
2.494464e+00 0.000000e+00 1.362965e+00 1.132311e+00 -5.224432e-02 0.000000e+00 0.000000e+00
2.494464e+00 7.853982e-01 1.362965e+00 1.132311e+00 -5.224432e-02 0.000000e+00 0.000000e+00
2.494464e+00 1.570796e+00 1.362965e+00 1.132311e+00 -5.224432e-02 0.000000e+00 0.000000e+00
2.571085e+00 0.000000e+00 1.344630e+00 1.112867e+00 -5.401144e-02 0.000000e+00 0.000000e+00
2.571085e+00 7.853982e-01 1.344630e+00 1.112867e+00 -5.401144e-02 0.000000e+00 0.000000e+00
2.571085e+00 1.570796e+00 1.344630e+00 1.112867e+00 -5.401144e-02 0.000000e+00 0.000000e+00
2.649544e+00 0.000000e+00 1.327587e+00 1.094771e+00 -5.566637e-02 0.000000e+00 0.000000e+00
2.649544e+00 7.853982e-01 1.327587e+00 1.094771e+00 -5.566637e-02 0.000000e+00 0.000000e+00
2.649544e+00 1.570796e+00 1.327587e+00 1.094771e+00 -5.566637e-02 0.000000e+00 0.000000e+00
2.729885e+00 0.000000e+00 1.311682e+00 1.077852e+00 -5.719159e-02 0.000000e+00 0.000000e+00
2.729885e+00 7.853982e-01 1.311682e+00 1.077852e+00 -5.719159e-02 0.000000e+00 0.000000e+00
2.729885e+00 1.570796e+00 1.311682e+00 1.077852e+00 -5.719159e-02 0.000000e+00 0.000000e+00
2.812153e+00 0.000000e+00 1.296784e+00 1.061961e+00 -5.857146e-02 0.000000e+00 0.000000e+00
2.812153e+00 7.853982e-01 1.296784e+00 1.061961e+00 -5.857146e-02 0.000000e+00 0.000000e+00
2.812153e+00 1.570796e+00 1.296784e+00 1.061961e+00 -5.857146e-02 0.000000e+00 0.000000e+00
2.896394e+00 0.000000e+00 1.282781e+00 1.046973e+00 -5.979368e-02 0.000000e+00 0.000000e+00
2.896394e+00 7.853982e-01 1.282781e+00 1.046973e+00 -5.979368e-02 0.000000e+00 0.000000e+00
2.896394e+00 1.570796e+00 1.282781e+00 1.046973e+00 -5.979368e-02 0.000000e+00 0.000000e+00
2.982655e+00 0.000000e+00 1.269579e+00 1.032789e+00 -6.085048e-02 0.000000e+00 0.000000e+00
2.982655e+00 7.853982e-01 1.269579e+00 1.032789e+00 -6.085048e-02 0.000000e+00 0.000000e+00
2.982655e+00 1.570796e+00 1.269579e+00 1.032789e+00 -6.085048e-02 0.000000e+00 0.000000e+00
3.070986e+00 0.000000e+00 1.257102e+00 1.019333e+00 -6.173928e-02 0.000000e+00 0.000000e+00
3.070986e+00 7.853982e-01 1.257102e+00 1.019333e+00 -6.173928e-02 0.000000e+00 0.000000e+00
3.070986e+00 1.570796e+00 1.257102e+00 1.019333e+00 -6.173928e-02 0.000000e+00 0.000000e+00
3.161435e+00 0.000000e+00 1.245290e+00 1.006552e+00 -6.246295e-02 0.000000e+00 0.000000e+00
3.161435e+00 7.853982e-01 1.245290e+00 1.006552e+00 -6.246295e-02 0.000000e+00 0.000000e+00
3.161435e+00 1.570796e+00 1.245290e+00 1.006552e+00 -6.246295e-02 0.000000e+00 0.000000e+00
3.254054e+00 0.000000e+00 1.234098e+00 9.944112e-01 -6.302910e-02 0.000000e+00 0.000000e+00
3.254054e+00 7.853982e-01 1.234098e+00 9.944112e-01 -6.302910e-02 0.000000e+00 0.000000e+00
3.254054e+00 1.570796e+00 1.234098e+00 9.944112e-01 -6.302910e-02 0.000000e+00 0.000000e+00
3.348894e+00 0.000000e+00 1.223486e+00 9.828837e-01 -6.344498e-02 0.000000e+00 0.000000e+00
3.348894e+00 7.853982e-01 1.223486e+00 9.828837e-01 -6.344498e-02 0.000000e+00 0.000000e+00
3.348894e+00 1.570796e+00 1.223486e+00 9.828837e-01 -6.344498e-02 0.000000e+00 0.000000e+00
3.446009e+00 0.000000e+00 1.213411e+00 9.719393e-01 -6.370803e-02 0.000000e+00 0.000000e+00
3.446009e+00 7.853982e-01 1.213411e+00 9.719393e-01 -6.370803e-02 0.000000e+00 0.000000e+00
3.446009e+00 1.570796e+00 1.213411e+00 9.719393e-01 -6.370803e-02 0.000000e+00 0.000000e+00
3.545454e+00 0.000000e+00 1.203811e+00 9.615258e-01 -6.382477e-02 0.000000e+00 0.000000e+00
3.545454e+00 7.853982e-01 1.203811e+00 9.615258e-01 -6.382477e-02 0.000000e+00 0.000000e+00
3.545454e+00 1.570796e+00 1.203811e+00 9.615258e-01 -6.382477e-02 0.000000e+00 0.000000e+00
3.647283e+00 0.000000e+00 1.194748e+00 9.517194e-01 -6.378119e-02 0.000000e+00 0.000000e+00
3.647283e+00 7.853982e-01 1.194748e+00 9.517194e-01 -6.378119e-02 0.000000e+00 0.000000e+00
3.647283e+00 1.570796e+00 1.194748e+00 9.517194e-01 -6.378119e-02 0.000000e+00 0.000000e+00
3.751555e+00 0.000000e+00 1.186009e+00 9.423008e-01 -6.358005e-02 0.000000e+00 0.000000e+00
3.751555e+00 7.853982e-01 1.186009e+00 9.423008e-01 -6.358005e-02 0.000000e+00 0.000000e+00
3.751555e+00 1.570796e+00 1.186009e+00 9.423008e-01 -6.358005e-02 0.000000e+00 0.000000e+00
3.858328e+00 0.000000e+00 1.177712e+00 9.333969e-01 -6.324258e-02 0.000000e+00 0.000000e+00
3.858328e+00 7.853982e-01 1.177712e+00 9.333969e-01 -6.324258e-02 0.000000e+00 0.000000e+00
3.858328e+00 1.570796e+00 1.177712e+00 9.333969e-01 -6.324258e-02 0.000000e+00 0.000000e+00
3.967663e+00 0.000000e+00 1.169797e+00 9.249435e-01 -6.276165e-02 0.000000e+00 0.000000e+00
3.967663e+00 7.853982e-01 1.169797e+00 9.249435e-01 -6.276165e-02 0.000000e+00 0.000000e+00
3.967663e+00 1.570796e+00 1.169797e+00 9.249435e-01 -6.276165e-02 0.000000e+00 0.000000e+00
4.079619e+00 0.000000e+00 1.162223e+00 9.168941e-01 -6.215835e-02 0.000000e+00 0.000000e+00
4.079619e+00 7.853982e-01 1.162223e+00 9.168941e-01 -6.215835e-02 0.000000e+00 0.000000e+00
4.079619e+00 1.570796e+00 1.162223e+00 9.168941e-01 -6.215835e-02 0.000000e+00 0.000000e+00
4.194261e+00 0.000000e+00 1.154972e+00 9.092229e-01 -6.144663e-02 0.000000e+00 0.000000e+00
4.194261e+00 7.853982e-01 1.154972e+00 9.092229e-01 -6.144663e-02 0.000000e+00 0.000000e+00
4.194261e+00 1.570796e+00 1.154972e+00 9.092229e-01 -6.144663e-02 0.000000e+00 0.000000e+00
4.311653e+00 0.000000e+00 1.148023e+00 9.019022e-01 -6.063525e-02 0.000000e+00 0.000000e+00
4.311653e+00 7.853982e-01 1.148023e+00 9.019022e-01 -6.063525e-02 0.000000e+00 0.000000e+00
4.311653e+00 1.570796e+00 1.148023e+00 9.019022e-01 -6.063525e-02 0.000000e+00 0.000000e+00
4.431860e+00 0.000000e+00 1.141347e+00 8.948972e-01 -5.973690e-02 0.000000e+00 0.000000e+00
4.431860e+00 7.853982e-01 1.141347e+00 8.948972e-01 -5.973690e-02 0.000000e+00 0.000000e+00
4.431860e+00 1.570796e+00 1.141347e+00 8.948972e-01 -5.973690e-02 0.000000e+00 0.000000e+00
4.554951e+00 0.000000e+00 1.134915e+00 8.881714e-01 -5.876339e-02 0.000000e+00 0.000000e+00
4.554951e+00 7.853982e-01 1.134915e+00 8.881714e-01 -5.876339e-02 0.000000e+00 0.000000e+00
4.554951e+00 1.570796e+00 1.134915e+00 8.881714e-01 -5.876339e-02 0.000000e+00 0.000000e+00
4.680994e+00 0.000000e+00 1.128700e+00 8.816928e-01 -5.772451e-02 0.000000e+00 0.000000e+00
4.680994e+00 7.853982e-01 1.128700e+00 8.816928e-01 -5.772451e-02 0.000000e+00 0.000000e+00
4.680994e+00 1.570796e+00 1.128700e+00 8.816928e-01 -5.772451e-02 0.000000e+00 0.000000e+00
4.810060e+00 0.000000e+00 1.122684e+00 8.754377e-01 -5.663128e-02 0.000000e+00 0.000000e+00
4.810060e+00 7.853982e-01 1.122684e+00 8.754377e-01 -5.663128e-02 0.000000e+00 0.000000e+00
4.810060e+00 1.570796e+00 1.122684e+00 8.754377e-01 -5.663128e-02 0.000000e+00 0.000000e+00
4.942222e+00 0.000000e+00 1.116858e+00 8.693933e-01 -5.549899e-02 0.000000e+00 0.000000e+00
4.942222e+00 7.853982e-01 1.116858e+00 8.693933e-01 -5.549899e-02 0.000000e+00 0.000000e+00
4.942222e+00 1.570796e+00 1.116858e+00 8.693933e-01 -5.549899e-02 0.000000e+00 0.000000e+00
5.077554e+00 0.000000e+00 1.111224e+00 8.635601e-01 -5.434826e-02 0.000000e+00 0.000000e+00
5.077554e+00 7.853982e-01 1.111224e+00 8.635601e-01 -5.434826e-02 0.000000e+00 0.000000e+00
5.077554e+00 1.570796e+00 1.111224e+00 8.635601e-01 -5.434826e-02 0.000000e+00 0.000000e+00
5.216132e+00 0.000000e+00 1.105799e+00 8.579520e-01 -5.320365e-02 0.000000e+00 0.000000e+00
5.216132e+00 7.853982e-01 1.105799e+00 8.579520e-01 -5.320365e-02 0.000000e+00 0.000000e+00
5.216132e+00 1.570796e+00 1.105799e+00 8.579520e-01 -5.320365e-02 0.000000e+00 0.000000e+00
5.358034e+00 0.000000e+00 1.100607e+00 8.525914e-01 -5.208951e-02 0.000000e+00 0.000000e+00
5.358034e+00 7.853982e-01 1.100607e+00 8.525914e-01 -5.208951e-02 0.000000e+00 0.000000e+00
5.358034e+00 1.570796e+00 1.100607e+00 8.525914e-01 -5.208951e-02 0.000000e+00 0.000000e+00
5.503339e+00 0.000000e+00 1.095673e+00 8.475032e-01 -5.102466e-02 0.000000e+00 0.000000e+00
5.503339e+00 7.853982e-01 1.095673e+00 8.475032e-01 -5.102466e-02 0.000000e+00 0.000000e+00
5.503339e+00 1.570796e+00 1.095673e+00 8.475032e-01 -5.102466e-02 0.000000e+00 0.000000e+00
5.652130e+00 0.000000e+00 1.091022e+00 8.427108e-01 -5.002032e-02 0.000000e+00 0.000000e+00
5.652130e+00 7.853982e-01 1.091022e+00 8.427108e-01 -5.002032e-02 0.000000e+00 0.000000e+00
5.652130e+00 1.570796e+00 1.091022e+00 8.427108e-01 -5.002032e-02 0.000000e+00 0.000000e+00
5.804489e+00 0.000000e+00 1.086678e+00 8.382389e-01 -4.908276e-02 0.000000e+00 0.000000e+00
5.804489e+00 7.853982e-01 1.086678e+00 8.382389e-01 -4.908276e-02 0.000000e+00 0.000000e+00
5.804489e+00 1.570796e+00 1.086678e+00 8.382389e-01 -4.908276e-02 0.000000e+00 0.000000e+00
5.960503e+00 0.000000e+00 1.082671e+00 8.341162e-01 -4.821612e-02 0.000000e+00 0.000000e+00
5.960503e+00 7.853982e-01 1.082671e+00 8.341162e-01 -4.821612e-02 0.000000e+00 0.000000e+00
5.960503e+00 1.570796e+00 1.082671e+00 8.341162e-01 -4.821612e-02 0.000000e+00 0.000000e+00
6.120259e+00 0.000000e+00 1.079030e+00 8.303729e-01 -4.741967e-02 0.000000e+00 0.000000e+00
6.120259e+00 7.853982e-01 1.079030e+00 8.303729e-01 -4.741967e-02 0.000000e+00 0.000000e+00
6.120259e+00 1.570796e+00 1.079030e+00 8.303729e-01 -4.741967e-02 0.000000e+00 0.000000e+00
6.283847e+00 0.000000e+00 1.075781e+00 8.270337e-01 -4.668250e-02 0.000000e+00 0.000000e+00
6.283847e+00 7.853982e-01 1.075781e+00 8.270337e-01 -4.668250e-02 0.000000e+00 0.000000e+00
6.283847e+00 1.570796e+00 1.075781e+00 8.270337e-01 -4.668250e-02 0.000000e+00 0.000000e+00
6.451358e+00 0.000000e+00 1.072942e+00 8.241171e-01 -4.598585e-02 0.000000e+00 0.000000e+00
6.451358e+00 7.853982e-01 1.072942e+00 8.241171e-01 -4.598585e-02 0.000000e+00 0.000000e+00
6.451358e+00 1.570796e+00 1.072942e+00 8.241171e-01 -4.598585e-02 0.000000e+00 0.000000e+00
6.622888e+00 0.000000e+00 1.070537e+00 8.216456e-01 -4.531329e-02 0.000000e+00 0.000000e+00
6.622888e+00 7.853982e-01 1.070537e+00 8.216456e-01 -4.531329e-02 0.000000e+00 0.000000e+00
6.622888e+00 1.570796e+00 1.070537e+00 8.216456e-01 -4.531329e-02 0.000000e+00 0.000000e+00
6.798531e+00 0.000000e+00 1.068597e+00 8.196488e-01 -4.466238e-02 0.000000e+00 0.000000e+00
6.798531e+00 7.853982e-01 1.068597e+00 8.196488e-01 -4.466238e-02 0.000000e+00 0.000000e+00
6.798531e+00 1.570796e+00 1.068597e+00 8.196488e-01 -4.466238e-02 0.000000e+00 0.000000e+00
6.978388e+00 0.000000e+00 1.067162e+00 8.181663e-01 -4.403209e-02 0.000000e+00 0.000000e+00
6.978388e+00 7.853982e-01 1.067162e+00 8.181663e-01 -4.403209e-02 0.000000e+00 0.000000e+00
6.978388e+00 1.570796e+00 1.067162e+00 8.181663e-01 -4.403209e-02 0.000000e+00 0.000000e+00
7.162558e+00 0.000000e+00 1.066262e+00 8.172281e-01 -4.341893e-02 0.000000e+00 0.000000e+00
7.162558e+00 7.853982e-01 1.066262e+00 8.172281e-01 -4.341893e-02 0.000000e+00 0.000000e+00
7.162558e+00 1.570796e+00 1.066262e+00 8.172281e-01 -4.341893e-02 0.000000e+00 0.000000e+00
7.351146e+00 0.000000e+00 1.065866e+00 8.168152e-01 -4.285622e-02 0.000000e+00 0.000000e+00
7.351146e+00 7.853982e-01 1.065866e+00 8.168152e-01 -4.285622e-02 0.000000e+00 0.000000e+00
7.351146e+00 1.570796e+00 1.065866e+00 8.168152e-01 -4.285622e-02 0.000000e+00 0.000000e+00
7.544258e+00 0.000000e+00 1.066039e+00 8.169770e-01 -4.214611e-02 0.000000e+00 0.000000e+00
7.544258e+00 7.853982e-01 1.066039e+00 8.169770e-01 -4.214611e-02 0.000000e+00 0.000000e+00
7.544258e+00 1.570796e+00 1.066039e+00 8.169770e-01 -4.214611e-02 0.000000e+00 0.000000e+00
7.742001e+00 0.000000e+00 1.066843e+00 8.177744e-01 -4.164287e-02 0.000000e+00 0.000000e+00
7.742001e+00 7.853982e-01 1.066843e+00 8.177744e-01 -4.164287e-02 0.000000e+00 0.000000e+00
7.742001e+00 1.570796e+00 1.066843e+00 8.177744e-01 -4.164287e-02 0.000000e+00 0.000000e+00
7.944487e+00 0.000000e+00 1.068264e+00 8.192063e-01 -4.114829e-02 0.000000e+00 0.000000e+00
7.944487e+00 7.853982e-01 1.068264e+00 8.192063e-01 -4.114829e-02 0.000000e+00 0.000000e+00
7.944487e+00 1.570796e+00 1.068264e+00 8.192063e-01 -4.114829e-02 0.000000e+00 0.000000e+00
8.151830e+00 0.000000e+00 1.070313e+00 8.212803e-01 -4.073721e-02 0.000000e+00 0.000000e+00
8.151830e+00 7.853982e-01 1.070313e+00 8.212803e-01 -4.073721e-02 0.000000e+00 0.000000e+00
8.151830e+00 1.570796e+00 1.070313e+00 8.212803e-01 -4.073721e-02 0.000000e+00 0.000000e+00
8.364146e+00 0.000000e+00 1.072932e+00 8.239391e-01 -4.040696e-02 0.000000e+00 0.000000e+00
8.364146e+00 7.853982e-01 1.072932e+00 8.239391e-01 -4.040696e-02 0.000000e+00 0.000000e+00
8.364146e+00 1.570796e+00 1.072932e+00 8.239391e-01 -4.040696e-02 0.000000e+00 0.000000e+00
8.581555e+00 0.000000e+00 1.076051e+00 8.271109e-01 -4.012048e-02 0.000000e+00 0.000000e+00
8.581555e+00 7.853982e-01 1.076051e+00 8.271109e-01 -4.012048e-02 0.000000e+00 0.000000e+00
8.581555e+00 1.570796e+00 1.076051e+00 8.271109e-01 -4.012048e-02 0.000000e+00 0.000000e+00
8.804179e+00 0.000000e+00 1.079586e+00 8.307129e-01 -3.982895e-02 0.000000e+00 0.000000e+00
8.804179e+00 7.853982e-01 1.079586e+00 8.307129e-01 -3.982895e-02 0.000000e+00 0.000000e+00
8.804179e+00 1.570796e+00 1.079586e+00 8.307129e-01 -3.982895e-02 0.000000e+00 0.000000e+00
9.032142e+00 0.000000e+00 1.083467e+00 8.346725e-01 -3.948243e-02 0.000000e+00 0.000000e+00
9.032142e+00 7.853982e-01 1.083467e+00 8.346725e-01 -3.948243e-02 0.000000e+00 0.000000e+00
9.032142e+00 1.570796e+00 1.083467e+00 8.346725e-01 -3.948243e-02 0.000000e+00 0.000000e+00
9.265573e+00 0.000000e+00 1.087604e+00 8.388998e-01 -3.907702e-02 0.000000e+00 0.000000e+00
9.265573e+00 7.853982e-01 1.087604e+00 8.388998e-01 -3.907702e-02 0.000000e+00 0.000000e+00
9.265573e+00 1.570796e+00 1.087604e+00 8.388998e-01 -3.907702e-02 0.000000e+00 0.000000e+00
9.504603e+00 0.000000e+00 1.092063e+00 8.434671e-01 -3.853198e-02 0.000000e+00 0.000000e+00
9.504603e+00 7.853982e-01 1.092063e+00 8.434671e-01 -3.853198e-02 0.000000e+00 0.000000e+00
9.504603e+00 1.570796e+00 1.092063e+00 8.434671e-01 -3.853198e-02 0.000000e+00 0.000000e+00
9.749366e+00 0.000000e+00 1.096570e+00 8.480982e-01 -3.834914e-02 0.000000e+00 0.000000e+00
9.749366e+00 7.853982e-01 1.096570e+00 8.480982e-01 -3.834914e-02 0.000000e+00 0.000000e+00
9.749366e+00 1.570796e+00 1.096570e+00 8.480982e-01 -3.834914e-02 0.000000e+00 0.000000e+00
1.000000e+01 0.000000e+00 1.103348e+00 8.550893e-01 -3.306467e-02 0.000000e+00 0.000000e+00
1.000000e+01 7.853982e-01 1.103348e+00 8.550893e-01 -3.306467e-02 0.000000e+00 0.000000e+00
1.000000e+01 1.570796e+00 1.103348e+00 8.550893e-01 -3.306467e-02 0.000000e+00 0.000000e+00
