###############PARAM###############
6.000028e+02 
101 
3 
###################################
3.000000e-01 0.000000e+00 1.434210e+02 4.708398e+02 -8.253092e-01 0.000000e+00 0.000000e+00
3.000000e-01 7.853982e-01 1.434210e+02 4.708398e+02 -8.253092e-01 0.000000e+00 0.000000e+00
3.000000e-01 1.570796e+00 1.434210e+02 4.708398e+02 -8.253092e-01 0.000000e+00 0.000000e+00
3.239856e-01 0.000000e+00 1.095457e+02 2.969729e+02 -2.253444e-01 0.000000e+00 0.000000e+00
3.239856e-01 7.853982e-01 1.095457e+02 2.969729e+02 -2.253444e-01 0.000000e+00 0.000000e+00
3.239856e-01 1.570796e+00 1.095457e+02 2.969729e+02 -2.253444e-01 0.000000e+00 0.000000e+00
3.485465e-01 0.000000e+00 9.163241e+01 2.042575e+02 -2.004426e-01 0.000000e+00 0.000000e+00
3.485465e-01 7.853982e-01 9.163241e+01 2.042575e+02 -2.004426e-01 0.000000e+00 0.000000e+00
3.485465e-01 1.570796e+00 9.163241e+01 2.042575e+02 -2.004426e-01 0.000000e+00 0.000000e+00
3.736964e-01 0.000000e+00 7.143959e+01 1.414817e+02 -1.563717e-01 0.000000e+00 0.000000e+00
3.736964e-01 7.853982e-01 7.143959e+01 1.414817e+02 -1.563717e-01 0.000000e+00 0.000000e+00
3.736964e-01 1.570796e+00 7.143959e+01 1.414817e+02 -1.563717e-01 0.000000e+00 0.000000e+00
3.994497e-01 0.000000e+00 5.238459e+01 1.006656e+02 -1.205692e-01 0.000000e+00 0.000000e+00
3.994497e-01 7.853982e-01 5.238459e+01 1.006656e+02 -1.205692e-01 0.000000e+00 0.000000e+00
3.994497e-01 1.570796e+00 5.238459e+01 1.006656e+02 -1.205692e-01 0.000000e+00 0.000000e+00
4.258206e-01 0.000000e+00 3.772702e+01 7.459304e+01 -9.170151e-02 0.000000e+00 0.000000e+00
4.258206e-01 7.853982e-01 3.772702e+01 7.459304e+01 -9.170151e-02 0.000000e+00 0.000000e+00
4.258206e-01 1.570796e+00 3.772702e+01 7.459304e+01 -9.170151e-02 0.000000e+00 0.000000e+00
4.528240e-01 0.000000e+00 2.823374e+01 5.772714e+01 -6.977946e-02 0.000000e+00 0.000000e+00
4.528240e-01 7.853982e-01 2.823374e+01 5.772714e+01 -6.977946e-02 0.000000e+00 0.000000e+00
4.528240e-01 1.570796e+00 2.823374e+01 5.772714e+01 -6.977946e-02 0.000000e+00 0.000000e+00
4.804752e-01 0.000000e+00 2.283243e+01 4.611739e+01 -5.263308e-02 0.000000e+00 0.000000e+00
4.804752e-01 7.853982e-01 2.283243e+01 4.611739e+01 -5.263308e-02 0.000000e+00 0.000000e+00
4.804752e-01 1.570796e+00 2.283243e+01 4.611739e+01 -5.263308e-02 0.000000e+00 0.000000e+00
5.087896e-01 0.000000e+00 1.994399e+01 3.744247e+01 -3.895693e-02 0.000000e+00 0.000000e+00
5.087896e-01 7.853982e-01 1.994399e+01 3.744247e+01 -3.895693e-02 0.000000e+00 0.000000e+00
5.087896e-01 1.570796e+00 1.994399e+01 3.744247e+01 -3.895693e-02 0.000000e+00 0.000000e+00
5.377831e-01 0.000000e+00 1.820199e+01 3.051388e+01 -2.774887e-02 0.000000e+00 0.000000e+00
5.377831e-01 7.853982e-01 1.820199e+01 3.051388e+01 -2.774887e-02 0.000000e+00 0.000000e+00
5.377831e-01 1.570796e+00 1.820199e+01 3.051388e+01 -2.774887e-02 0.000000e+00 0.000000e+00
5.674720e-01 0.000000e+00 1.672240e+01 2.481007e+01 -1.853475e-02 0.000000e+00 0.000000e+00
5.674720e-01 7.853982e-01 1.672240e+01 2.481007e+01 -1.853475e-02 0.000000e+00 0.000000e+00
5.674720e-01 1.570796e+00 1.672240e+01 2.481007e+01 -1.853475e-02 0.000000e+00 0.000000e+00
5.978731e-01 0.000000e+00 1.510189e+01 2.011930e+01 -1.103555e-02 0.000000e+00 0.000000e+00
5.978731e-01 7.853982e-01 1.510189e+01 2.011930e+01 -1.103555e-02 0.000000e+00 0.000000e+00
5.978731e-01 1.570796e+00 1.510189e+01 2.011930e+01 -1.103555e-02 0.000000e+00 0.000000e+00
6.290033e-01 0.000000e+00 1.328272e+01 1.633065e+01 -5.022847e-03 0.000000e+00 0.000000e+00
6.290033e-01 7.853982e-01 1.328272e+01 1.633065e+01 -5.022847e-03 0.000000e+00 0.000000e+00
6.290033e-01 1.570796e+00 1.328272e+01 1.633065e+01 -5.022847e-03 0.000000e+00 0.000000e+00
6.608802e-01 0.000000e+00 1.138267e+01 1.334008e+01 -2.688518e-04 0.000000e+00 0.000000e+00
6.608802e-01 7.853982e-01 1.138267e+01 1.334008e+01 -2.688518e-04 0.000000e+00 0.000000e+00
6.608802e-01 1.570796e+00 1.138267e+01 1.334008e+01 -2.688518e-04 0.000000e+00 0.000000e+00
6.935217e-01 0.000000e+00 9.559176e+00 1.102715e+01 3.448618e-03 0.000000e+00 0.000000e+00
6.935217e-01 7.853982e-01 9.559176e+00 1.102715e+01 3.448618e-03 0.000000e+00 0.000000e+00
6.935217e-01 1.570796e+00 9.559176e+00 1.102715e+01 3.448618e-03 0.000000e+00 0.000000e+00
7.269461e-01 0.000000e+00 7.933792e+00 9.262784e+00 6.333967e-03 0.000000e+00 0.000000e+00
7.269461e-01 7.853982e-01 7.933792e+00 9.262784e+00 6.333967e-03 0.000000e+00 0.000000e+00
7.269461e-01 1.570796e+00 7.933792e+00 9.262784e+00 6.333967e-03 0.000000e+00 0.000000e+00
7.611722e-01 0.000000e+00 6.569092e+00 7.923958e+00 8.565021e-03 0.000000e+00 0.000000e+00
7.611722e-01 7.853982e-01 6.569092e+00 7.923958e+00 8.565021e-03 0.000000e+00 0.000000e+00
7.611722e-01 1.570796e+00 6.569092e+00 7.923958e+00 8.565021e-03 0.000000e+00 0.000000e+00
7.962193e-01 0.000000e+00 5.476264e+00 6.904198e+00 1.028937e-02 0.000000e+00 0.000000e+00
7.962193e-01 7.853982e-01 5.476264e+00 6.904198e+00 1.028937e-02 0.000000e+00 0.000000e+00
7.962193e-01 1.570796e+00 5.476264e+00 6.904198e+00 1.028937e-02 0.000000e+00 0.000000e+00
8.321069e-01 0.000000e+00 4.633423e+00 6.117849e+00 1.162572e-02 0.000000e+00 0.000000e+00
8.321069e-01 7.853982e-01 4.633423e+00 6.117849e+00 1.162572e-02 0.000000e+00 0.000000e+00
8.321069e-01 1.570796e+00 4.633423e+00 6.117849e+00 1.162572e-02 0.000000e+00 0.000000e+00
8.688554e-01 0.000000e+00 4.002831e+00 5.499611e+00 1.266705e-02 0.000000e+00 0.000000e+00
8.688554e-01 7.853982e-01 4.002831e+00 5.499611e+00 1.266705e-02 0.000000e+00 0.000000e+00
8.688554e-01 1.570796e+00 4.002831e+00 5.499611e+00 1.266705e-02 0.000000e+00 0.000000e+00
9.064853e-01 0.000000e+00 3.542733e+00 5.001621e+00 1.348397e-02 0.000000e+00 0.000000e+00
9.064853e-01 7.853982e-01 3.542733e+00 5.001621e+00 1.348397e-02 0.000000e+00 0.000000e+00
9.064853e-01 1.570796e+00 3.542733e+00 5.001621e+00 1.348397e-02 0.000000e+00 0.000000e+00
9.450178e-01 0.000000e+00 3.213882e+00 4.589807e+00 1.412852e-02 0.000000e+00 0.000000e+00
9.450178e-01 7.853982e-01 3.213882e+00 4.589807e+00 1.412852e-02 0.000000e+00 0.000000e+00
9.450178e-01 1.570796e+00 3.213882e+00 4.589807e+00 1.412852e-02 0.000000e+00 0.000000e+00
9.844745e-01 0.000000e+00 2.982377e+00 4.240433e+00 1.463751e-02 0.000000e+00 0.000000e+00
9.844745e-01 7.853982e-01 2.982377e+00 4.240433e+00 1.463751e-02 0.000000e+00 0.000000e+00
9.844745e-01 1.570796e+00 2.982377e+00 4.240433e+00 1.463751e-02 0.000000e+00 0.000000e+00
1.024878e+00 0.000000e+00 2.820417e+00 3.937240e+00 1.503569e-02 0.000000e+00 0.000000e+00
1.024878e+00 7.853982e-01 2.820417e+00 3.937240e+00 1.503569e-02 0.000000e+00 0.000000e+00
1.024878e+00 1.570796e+00 2.820417e+00 3.937240e+00 1.503569e-02 0.000000e+00 0.000000e+00
1.066250e+00 0.000000e+00 2.706065e+00 3.669222e+00 1.533920e-02 0.000000e+00 0.000000e+00
1.066250e+00 7.853982e-01 2.706065e+00 3.669222e+00 1.533920e-02 0.000000e+00 0.000000e+00
1.066250e+00 1.570796e+00 2.706065e+00 3.669222e+00 1.533920e-02 0.000000e+00 0.000000e+00
1.108614e+00 0.000000e+00 2.622618e+00 3.428985e+00 1.555856e-02 0.000000e+00 0.000000e+00
1.108614e+00 7.853982e-01 2.622618e+00 3.428985e+00 1.555856e-02 0.000000e+00 0.000000e+00
1.108614e+00 1.570796e+00 2.622618e+00 3.428985e+00 1.555856e-02 0.000000e+00 0.000000e+00
1.151995e+00 0.000000e+00 2.557846e+00 3.211556e+00 1.569841e-02 0.000000e+00 0.000000e+00
1.151995e+00 7.853982e-01 2.557846e+00 3.211556e+00 1.569841e-02 0.000000e+00 0.000000e+00
1.151995e+00 1.570796e+00 2.557846e+00 3.211556e+00 1.569841e-02 0.000000e+00 0.000000e+00
1.196416e+00 0.000000e+00 2.503219e+00 3.013577e+00 1.575678e-02 0.000000e+00 0.000000e+00
1.196416e+00 7.853982e-01 2.503219e+00 3.013577e+00 1.575678e-02 0.000000e+00 0.000000e+00
1.196416e+00 1.570796e+00 2.503219e+00 3.013577e+00 1.575678e-02 0.000000e+00 0.000000e+00
1.241903e+00 0.000000e+00 2.453040e+00 2.832566e+00 1.574712e-02 0.000000e+00 0.000000e+00
1.241903e+00 7.853982e-01 2.453040e+00 2.832566e+00 1.574712e-02 0.000000e+00 0.000000e+00
1.241903e+00 1.570796e+00 2.453040e+00 2.832566e+00 1.574712e-02 0.000000e+00 0.000000e+00
1.288480e+00 0.000000e+00 2.403922e+00 2.666857e+00 1.567071e-02 0.000000e+00 0.000000e+00
1.288480e+00 7.853982e-01 2.403922e+00 2.666857e+00 1.567071e-02 0.000000e+00 0.000000e+00
1.288480e+00 1.570796e+00 2.403922e+00 2.666857e+00 1.567071e-02 0.000000e+00 0.000000e+00
1.336175e+00 0.000000e+00 2.353954e+00 2.515024e+00 1.552086e-02 0.000000e+00 0.000000e+00
1.336175e+00 7.853982e-01 2.353954e+00 2.515024e+00 1.552086e-02 0.000000e+00 0.000000e+00
1.336175e+00 1.570796e+00 2.353954e+00 2.515024e+00 1.552086e-02 0.000000e+00 0.000000e+00
1.385014e+00 0.000000e+00 2.302307e+00 2.375926e+00 1.530529e-02 0.000000e+00 0.000000e+00
1.385014e+00 7.853982e-01 2.302307e+00 2.375926e+00 1.530529e-02 0.000000e+00 0.000000e+00
1.385014e+00 1.570796e+00 2.302307e+00 2.375926e+00 1.530529e-02 0.000000e+00 0.000000e+00
1.435024e+00 0.000000e+00 2.248793e+00 2.248555e+00 1.502393e-02 0.000000e+00 0.000000e+00
1.435024e+00 7.853982e-01 2.248793e+00 2.248555e+00 1.502393e-02 0.000000e+00 0.000000e+00
1.435024e+00 1.570796e+00 2.248793e+00 2.248555e+00 1.502393e-02 0.000000e+00 0.000000e+00
1.486234e+00 0.000000e+00 2.193609e+00 2.132007e+00 1.467724e-02 0.000000e+00 0.000000e+00
1.486234e+00 7.853982e-01 2.193609e+00 2.132007e+00 1.467724e-02 0.000000e+00 0.000000e+00
1.486234e+00 1.570796e+00 2.193609e+00 2.132007e+00 1.467724e-02 0.000000e+00 0.000000e+00
1.538672e+00 0.000000e+00 2.137147e+00 2.025449e+00 1.426498e-02 0.000000e+00 0.000000e+00
1.538672e+00 7.853982e-01 2.137147e+00 2.025449e+00 1.426498e-02 0.000000e+00 0.000000e+00
1.538672e+00 1.570796e+00 2.137147e+00 2.025449e+00 1.426498e-02 0.000000e+00 0.000000e+00
1.592368e+00 0.000000e+00 2.079896e+00 1.928110e+00 1.378547e-02 0.000000e+00 0.000000e+00
1.592368e+00 7.853982e-01 2.079896e+00 1.928110e+00 1.378547e-02 0.000000e+00 0.000000e+00
1.592368e+00 1.570796e+00 2.079896e+00 1.928110e+00 1.378547e-02 0.000000e+00 0.000000e+00
1.647352e+00 0.000000e+00 2.022374e+00 1.839266e+00 1.323574e-02 0.000000e+00 0.000000e+00
1.647352e+00 7.853982e-01 2.022374e+00 1.839266e+00 1.323574e-02 0.000000e+00 0.000000e+00
1.647352e+00 1.570796e+00 2.022374e+00 1.839266e+00 1.323574e-02 0.000000e+00 0.000000e+00
1.703654e+00 0.000000e+00 1.965097e+00 1.758241e+00 1.261181e-02 0.000000e+00 0.000000e+00
1.703654e+00 7.853982e-01 1.965097e+00 1.758241e+00 1.261181e-02 0.000000e+00 0.000000e+00
1.703654e+00 1.570796e+00 1.965097e+00 1.758241e+00 1.261181e-02 0.000000e+00 0.000000e+00
1.761307e+00 0.000000e+00 1.908565e+00 1.684399e+00 1.190858e-02 0.000000e+00 0.000000e+00
1.761307e+00 7.853982e-01 1.908565e+00 1.684399e+00 1.190858e-02 0.000000e+00 0.000000e+00
1.761307e+00 1.570796e+00 1.908565e+00 1.684399e+00 1.190858e-02 0.000000e+00 0.000000e+00
1.820343e+00 0.000000e+00 1.853247e+00 1.617155e+00 1.111886e-02 0.000000e+00 0.000000e+00
1.820343e+00 7.853982e-01 1.853247e+00 1.617155e+00 1.111886e-02 0.000000e+00 0.000000e+00
1.820343e+00 1.570796e+00 1.853247e+00 1.617155e+00 1.111886e-02 0.000000e+00 0.000000e+00
1.880795e+00 0.000000e+00 1.799580e+00 1.555965e+00 1.023272e-02 0.000000e+00 0.000000e+00
1.880795e+00 7.853982e-01 1.799580e+00 1.555965e+00 1.023272e-02 0.000000e+00 0.000000e+00
1.880795e+00 1.570796e+00 1.799580e+00 1.555965e+00 1.023272e-02 0.000000e+00 0.000000e+00
1.942697e+00 0.000000e+00 1.747949e+00 1.500323e+00 9.239127e-03 0.000000e+00 0.000000e+00
1.942697e+00 7.853982e-01 1.747949e+00 1.500323e+00 9.239127e-03 0.000000e+00 0.000000e+00
1.942697e+00 1.570796e+00 1.747949e+00 1.500323e+00 9.239127e-03 0.000000e+00 0.000000e+00
2.006083e+00 0.000000e+00 1.698683e+00 1.449755e+00 8.129473e-03 0.000000e+00 0.000000e+00
2.006083e+00 7.853982e-01 1.698683e+00 1.449755e+00 8.129473e-03 0.000000e+00 0.000000e+00
2.006083e+00 1.570796e+00 1.698683e+00 1.449755e+00 8.129473e-03 0.000000e+00 0.000000e+00
2.070990e+00 0.000000e+00 1.652049e+00 1.403814e+00 6.900171e-03 0.000000e+00 0.000000e+00
2.070990e+00 7.853982e-01 1.652049e+00 1.403814e+00 6.900171e-03 0.000000e+00 0.000000e+00
2.070990e+00 1.570796e+00 1.652049e+00 1.403814e+00 6.900171e-03 0.000000e+00 0.000000e+00
2.137454e+00 0.000000e+00 1.608250e+00 1.362082e+00 5.551730e-03 0.000000e+00 0.000000e+00
2.137454e+00 7.853982e-01 1.608250e+00 1.362082e+00 5.551730e-03 0.000000e+00 0.000000e+00
2.137454e+00 1.570796e+00 1.608250e+00 1.362082e+00 5.551730e-03 0.000000e+00 0.000000e+00
2.205512e+00 0.000000e+00 1.567427e+00 1.324174e+00 4.085291e-03 0.000000e+00 0.000000e+00
2.205512e+00 7.853982e-01 1.567427e+00 1.324174e+00 4.085291e-03 0.000000e+00 0.000000e+00
2.205512e+00 1.570796e+00 1.567427e+00 1.324174e+00 4.085291e-03 0.000000e+00 0.000000e+00
2.275203e+00 0.000000e+00 1.529670e+00 1.289737e+00 2.500079e-03 0.000000e+00 0.000000e+00
2.275203e+00 7.853982e-01 1.529670e+00 1.289737e+00 2.500079e-03 0.000000e+00 0.000000e+00
2.275203e+00 1.570796e+00 1.529670e+00 1.289737e+00 2.500079e-03 0.000000e+00 0.000000e+00
2.346564e+00 0.000000e+00 1.495011e+00 1.258453e+00 7.939744e-04 0.000000e+00 0.000000e+00
2.346564e+00 7.853982e-01 1.495011e+00 1.258453e+00 7.939744e-04 0.000000e+00 0.000000e+00
2.346564e+00 1.570796e+00 1.495011e+00 1.258453e+00 7.939744e-04 0.000000e+00 0.000000e+00
2.419638e+00 0.000000e+00 1.463428e+00 1.230027e+00 -1.034169e-03 0.000000e+00 0.000000e+00
2.419638e+00 7.853982e-01 1.463428e+00 1.230027e+00 -1.034169e-03 0.000000e+00 0.000000e+00
2.419638e+00 1.570796e+00 1.463428e+00 1.230027e+00 -1.034169e-03 0.000000e+00 0.000000e+00
2.494464e+00 0.000000e+00 1.434849e+00 1.204191e+00 -2.983168e-03 0.000000e+00 0.000000e+00
2.494464e+00 7.853982e-01 1.434849e+00 1.204191e+00 -2.983168e-03 0.000000e+00 0.000000e+00
2.494464e+00 1.570796e+00 1.434849e+00 1.204191e+00 -2.983168e-03 0.000000e+00 0.000000e+00
2.571085e+00 0.000000e+00 1.409158e+00 1.180700e+00 -5.049711e-03 0.000000e+00 0.000000e+00
2.571085e+00 7.853982e-01 1.409158e+00 1.180700e+00 -5.049711e-03 0.000000e+00 0.000000e+00
2.571085e+00 1.570796e+00 1.409158e+00 1.180700e+00 -5.049711e-03 0.000000e+00 0.000000e+00
2.649544e+00 0.000000e+00 1.386201e+00 1.159330e+00 -7.228852e-03 0.000000e+00 0.000000e+00
2.649544e+00 7.853982e-01 1.386201e+00 1.159330e+00 -7.228852e-03 0.000000e+00 0.000000e+00
2.649544e+00 1.570796e+00 1.386201e+00 1.159330e+00 -7.228852e-03 0.000000e+00 0.000000e+00
2.729885e+00 0.000000e+00 1.365794e+00 1.139881e+00 -9.513785e-03 0.000000e+00 0.000000e+00
2.729885e+00 7.853982e-01 1.365794e+00 1.139881e+00 -9.513785e-03 0.000000e+00 0.000000e+00
2.729885e+00 1.570796e+00 1.365794e+00 1.139881e+00 -9.513785e-03 0.000000e+00 0.000000e+00
2.812153e+00 0.000000e+00 1.347731e+00 1.122167e+00 -1.189525e-02 0.000000e+00 0.000000e+00
2.812153e+00 7.853982e-01 1.347731e+00 1.122167e+00 -1.189525e-02 0.000000e+00 0.000000e+00
2.812153e+00 1.570796e+00 1.347731e+00 1.122167e+00 -1.189525e-02 0.000000e+00 0.000000e+00
2.896394e+00 0.000000e+00 1.331787e+00 1.106021e+00 -1.436133e-02 0.000000e+00 0.000000e+00
2.896394e+00 7.853982e-01 1.331787e+00 1.106021e+00 -1.436133e-02 0.000000e+00 0.000000e+00
2.896394e+00 1.570796e+00 1.331787e+00 1.106021e+00 -1.436133e-02 0.000000e+00 0.000000e+00
2.982655e+00 0.000000e+00 1.317731e+00 1.091288e+00 -1.689777e-02 0.000000e+00 0.000000e+00
2.982655e+00 7.853982e-01 1.317731e+00 1.091288e+00 -1.689777e-02 0.000000e+00 0.000000e+00
2.982655e+00 1.570796e+00 1.317731e+00 1.091288e+00 -1.689777e-02 0.000000e+00 0.000000e+00
3.070986e+00 0.000000e+00 1.305331e+00 1.077828e+00 -1.948854e-02 0.000000e+00 0.000000e+00
3.070986e+00 7.853982e-01 1.305331e+00 1.077828e+00 -1.948854e-02 0.000000e+00 0.000000e+00
3.070986e+00 1.570796e+00 1.305331e+00 1.077828e+00 -1.948854e-02 0.000000e+00 0.000000e+00
3.161435e+00 0.000000e+00 1.294362e+00 1.065513e+00 -2.211629e-02 0.000000e+00 0.000000e+00
3.161435e+00 7.853982e-01 1.294362e+00 1.065513e+00 -2.211629e-02 0.000000e+00 0.000000e+00
3.161435e+00 1.570796e+00 1.294362e+00 1.065513e+00 -2.211629e-02 0.000000e+00 0.000000e+00
3.254054e+00 0.000000e+00 1.284608e+00 1.054224e+00 -2.476266e-02 0.000000e+00 0.000000e+00
3.254054e+00 7.853982e-01 1.284608e+00 1.054224e+00 -2.476266e-02 0.000000e+00 0.000000e+00
3.254054e+00 1.570796e+00 1.284608e+00 1.054224e+00 -2.476266e-02 0.000000e+00 0.000000e+00
3.348894e+00 0.000000e+00 1.275872e+00 1.043855e+00 -2.740838e-02 0.000000e+00 0.000000e+00
3.348894e+00 7.853982e-01 1.275872e+00 1.043855e+00 -2.740838e-02 0.000000e+00 0.000000e+00
3.348894e+00 1.570796e+00 1.275872e+00 1.043855e+00 -2.740838e-02 0.000000e+00 0.000000e+00
3.446009e+00 0.000000e+00 1.267973e+00 1.034304e+00 -3.003343e-02 0.000000e+00 0.000000e+00
3.446009e+00 7.853982e-01 1.267973e+00 1.034304e+00 -3.003343e-02 0.000000e+00 0.000000e+00
3.446009e+00 1.570796e+00 1.267973e+00 1.034304e+00 -3.003343e-02 0.000000e+00 0.000000e+00
3.545454e+00 0.000000e+00 1.260752e+00 1.025479e+00 -3.261710e-02 0.000000e+00 0.000000e+00
3.545454e+00 7.853982e-01 1.260752e+00 1.025479e+00 -3.261710e-02 0.000000e+00 0.000000e+00
3.545454e+00 1.570796e+00 1.260752e+00 1.025479e+00 -3.261710e-02 0.000000e+00 0.000000e+00
3.647283e+00 0.000000e+00 1.254070e+00 1.017294e+00 -3.513858e-02 0.000000e+00 0.000000e+00
3.647283e+00 7.853982e-01 1.254070e+00 1.017294e+00 -3.513858e-02 0.000000e+00 0.000000e+00
3.647283e+00 1.570796e+00 1.254070e+00 1.017294e+00 -3.513858e-02 0.000000e+00 0.000000e+00
3.751555e+00 0.000000e+00 1.247810e+00 1.009670e+00 -3.757782e-02 0.000000e+00 0.000000e+00
3.751555e+00 7.853982e-01 1.247810e+00 1.009670e+00 -3.757782e-02 0.000000e+00 0.000000e+00
3.751555e+00 1.570796e+00 1.247810e+00 1.009670e+00 -3.757782e-02 0.000000e+00 0.000000e+00
3.858328e+00 0.000000e+00 1.241877e+00 1.002535e+00 -3.991671e-02 0.000000e+00 0.000000e+00
3.858328e+00 7.853982e-01 1.241877e+00 1.002535e+00 -3.991671e-02 0.000000e+00 0.000000e+00
3.858328e+00 1.570796e+00 1.241877e+00 1.002535e+00 -3.991671e-02 0.000000e+00 0.000000e+00
3.967663e+00 0.000000e+00 1.236197e+00 9.958250e-01 -4.214000e-02 0.000000e+00 0.000000e+00
3.967663e+00 7.853982e-01 1.236197e+00 9.958250e-01 -4.214000e-02 0.000000e+00 0.000000e+00
3.967663e+00 1.570796e+00 1.236197e+00 9.958250e-01 -4.214000e-02 0.000000e+00 0.000000e+00
4.079619e+00 0.000000e+00 1.230717e+00 9.894838e-01 -4.423573e-02 0.000000e+00 0.000000e+00
4.079619e+00 7.853982e-01 1.230717e+00 9.894838e-01 -4.423573e-02 0.000000e+00 0.000000e+00
4.079619e+00 1.570796e+00 1.230717e+00 9.894838e-01 -4.423573e-02 0.000000e+00 0.000000e+00
4.194261e+00 0.000000e+00 1.225400e+00 9.834629e-01 -4.619510e-02 0.000000e+00 0.000000e+00
4.194261e+00 7.853982e-01 1.225400e+00 9.834629e-01 -4.619510e-02 0.000000e+00 0.000000e+00
4.194261e+00 1.570796e+00 1.225400e+00 9.834629e-01 -4.619510e-02 0.000000e+00 0.000000e+00
4.311653e+00 0.000000e+00 1.220222e+00 9.777203e-01 -4.801199e-02 0.000000e+00 0.000000e+00
4.311653e+00 7.853982e-01 1.220222e+00 9.777203e-01 -4.801199e-02 0.000000e+00 0.000000e+00
4.311653e+00 1.570796e+00 1.220222e+00 9.777203e-01 -4.801199e-02 0.000000e+00 0.000000e+00
4.431860e+00 0.000000e+00 1.215168e+00 9.722193e-01 -4.968242e-02 0.000000e+00 0.000000e+00
4.431860e+00 7.853982e-01 1.215168e+00 9.722193e-01 -4.968242e-02 0.000000e+00 0.000000e+00
4.431860e+00 1.570796e+00 1.215168e+00 9.722193e-01 -4.968242e-02 0.000000e+00 0.000000e+00
4.554951e+00 0.000000e+00 1.210229e+00 9.669282e-01 -5.120424e-02 0.000000e+00 0.000000e+00
4.554951e+00 7.853982e-01 1.210229e+00 9.669282e-01 -5.120424e-02 0.000000e+00 0.000000e+00
4.554951e+00 1.570796e+00 1.210229e+00 9.669282e-01 -5.120424e-02 0.000000e+00 0.000000e+00
4.680994e+00 0.000000e+00 1.205401e+00 9.618196e-01 -5.257688e-02 0.000000e+00 0.000000e+00
4.680994e+00 7.853982e-01 1.205401e+00 9.618196e-01 -5.257688e-02 0.000000e+00 0.000000e+00
4.680994e+00 1.570796e+00 1.205401e+00 9.618196e-01 -5.257688e-02 0.000000e+00 0.000000e+00
4.810060e+00 0.000000e+00 1.200680e+00 9.568705e-01 -5.380120e-02 0.000000e+00 0.000000e+00
4.810060e+00 7.853982e-01 1.200680e+00 9.568705e-01 -5.380120e-02 0.000000e+00 0.000000e+00
4.810060e+00 1.570796e+00 1.200680e+00 9.568705e-01 -5.380120e-02 0.000000e+00 0.000000e+00
4.942222e+00 0.000000e+00 1.196064e+00 9.520614e-01 -5.487925e-02 0.000000e+00 0.000000e+00
4.942222e+00 7.853982e-01 1.196064e+00 9.520614e-01 -5.487925e-02 0.000000e+00 0.000000e+00
4.942222e+00 1.570796e+00 1.196064e+00 9.520614e-01 -5.487925e-02 0.000000e+00 0.000000e+00
5.077554e+00 0.000000e+00 1.191552e+00 9.473760e-01 -5.581395e-02 0.000000e+00 0.000000e+00
5.077554e+00 7.853982e-01 1.191552e+00 9.473760e-01 -5.581395e-02 0.000000e+00 0.000000e+00
5.077554e+00 1.570796e+00 1.191552e+00 9.473760e-01 -5.581395e-02 0.000000e+00 0.000000e+00
5.216132e+00 0.000000e+00 1.187140e+00 9.428008e-01 -5.660890e-02 0.000000e+00 0.000000e+00
5.216132e+00 7.853982e-01 1.187140e+00 9.428008e-01 -5.660890e-02 0.000000e+00 0.000000e+00
5.216132e+00 1.570796e+00 1.187140e+00 9.428008e-01 -5.660890e-02 0.000000e+00 0.000000e+00
5.358034e+00 0.000000e+00 1.182827e+00 9.383252e-01 -5.726843e-02 0.000000e+00 0.000000e+00
5.358034e+00 7.853982e-01 1.182827e+00 9.383252e-01 -5.726843e-02 0.000000e+00 0.000000e+00
5.358034e+00 1.570796e+00 1.182827e+00 9.383252e-01 -5.726843e-02 0.000000e+00 0.000000e+00
5.503339e+00 0.000000e+00 1.178610e+00 9.339419e-01 -5.779817e-02 0.000000e+00 0.000000e+00
5.503339e+00 7.853982e-01 1.178610e+00 9.339419e-01 -5.779817e-02 0.000000e+00 0.000000e+00
5.503339e+00 1.570796e+00 1.178610e+00 9.339419e-01 -5.779817e-02 0.000000e+00 0.000000e+00
5.652130e+00 0.000000e+00 1.174488e+00 9.296473e-01 -5.820541e-02 0.000000e+00 0.000000e+00
5.652130e+00 7.853982e-01 1.174488e+00 9.296473e-01 -5.820541e-02 0.000000e+00 0.000000e+00
5.652130e+00 1.570796e+00 1.174488e+00 9.296473e-01 -5.820541e-02 0.000000e+00 0.000000e+00
5.804489e+00 0.000000e+00 1.170462e+00 9.254408e-01 -5.849879e-02 0.000000e+00 0.000000e+00
5.804489e+00 7.853982e-01 1.170462e+00 9.254408e-01 -5.849879e-02 0.000000e+00 0.000000e+00
5.804489e+00 1.570796e+00 1.170462e+00 9.254408e-01 -5.849879e-02 0.000000e+00 0.000000e+00
5.960503e+00 0.000000e+00 1.166532e+00 9.213235e-01 -5.868713e-02 0.000000e+00 0.000000e+00
5.960503e+00 7.853982e-01 1.166532e+00 9.213235e-01 -5.868713e-02 0.000000e+00 0.000000e+00
5.960503e+00 1.570796e+00 1.166532e+00 9.213235e-01 -5.868713e-02 0.000000e+00 0.000000e+00
6.120259e+00 0.000000e+00 1.162690e+00 9.172915e-01 -5.877641e-02 0.000000e+00 0.000000e+00
6.120259e+00 7.853982e-01 1.162690e+00 9.172915e-01 -5.877641e-02 0.000000e+00 0.000000e+00
6.120259e+00 1.570796e+00 1.162690e+00 9.172915e-01 -5.877641e-02 0.000000e+00 0.000000e+00
6.283847e+00 0.000000e+00 1.158961e+00 9.133706e-01 -5.878457e-02 0.000000e+00 0.000000e+00
6.283847e+00 7.853982e-01 1.158961e+00 9.133706e-01 -5.878457e-02 0.000000e+00 0.000000e+00
6.283847e+00 1.570796e+00 1.158961e+00 9.133706e-01 -5.878457e-02 0.000000e+00 0.000000e+00
6.451358e+00 0.000000e+00 1.155290e+00 9.095063e-01 -5.868747e-02 0.000000e+00 0.000000e+00
6.451358e+00 7.853982e-01 1.155290e+00 9.095063e-01 -5.868747e-02 0.000000e+00 0.000000e+00
6.451358e+00 1.570796e+00 1.155290e+00 9.095063e-01 -5.868747e-02 0.000000e+00 0.000000e+00
6.622888e+00 0.000000e+00 1.151687e+00 9.057114e-01 -5.848564e-02 0.000000e+00 0.000000e+00
6.622888e+00 7.853982e-01 1.151687e+00 9.057114e-01 -5.848564e-02 0.000000e+00 0.000000e+00
6.622888e+00 1.570796e+00 1.151687e+00 9.057114e-01 -5.848564e-02 0.000000e+00 0.000000e+00
6.798531e+00 0.000000e+00 1.148157e+00 9.019926e-01 -5.820290e-02 0.000000e+00 0.000000e+00
6.798531e+00 7.853982e-01 1.148157e+00 9.019926e-01 -5.820290e-02 0.000000e+00 0.000000e+00
6.798531e+00 1.570796e+00 1.148157e+00 9.019926e-01 -5.820290e-02 0.000000e+00 0.000000e+00
6.978388e+00 0.000000e+00 1.144694e+00 8.983446e-01 -5.782992e-02 0.000000e+00 0.000000e+00
6.978388e+00 7.853982e-01 1.144694e+00 8.983446e-01 -5.782992e-02 0.000000e+00 0.000000e+00
6.978388e+00 1.570796e+00 1.144694e+00 8.983446e-01 -5.782992e-02 0.000000e+00 0.000000e+00
7.162558e+00 0.000000e+00 1.141298e+00 8.947693e-01 -5.737518e-02 0.000000e+00 0.000000e+00
7.162558e+00 7.853982e-01 1.141298e+00 8.947693e-01 -5.737518e-02 0.000000e+00 0.000000e+00
7.162558e+00 1.570796e+00 1.141298e+00 8.947693e-01 -5.737518e-02 0.000000e+00 0.000000e+00
7.351146e+00 0.000000e+00 1.137977e+00 8.912745e-01 -5.685182e-02 0.000000e+00 0.000000e+00
7.351146e+00 7.853982e-01 1.137977e+00 8.912745e-01 -5.685182e-02 0.000000e+00 0.000000e+00
7.351146e+00 1.570796e+00 1.137977e+00 8.912745e-01 -5.685182e-02 0.000000e+00 0.000000e+00
7.544258e+00 0.000000e+00 1.134735e+00 8.878663e-01 -5.626916e-02 0.000000e+00 0.000000e+00
7.544258e+00 7.853982e-01 1.134735e+00 8.878663e-01 -5.626916e-02 0.000000e+00 0.000000e+00
7.544258e+00 1.570796e+00 1.134735e+00 8.878663e-01 -5.626916e-02 0.000000e+00 0.000000e+00
7.742001e+00 0.000000e+00 1.131577e+00 8.845477e-01 -5.563493e-02 0.000000e+00 0.000000e+00
7.742001e+00 7.853982e-01 1.131577e+00 8.845477e-01 -5.563493e-02 0.000000e+00 0.000000e+00
7.742001e+00 1.570796e+00 1.131577e+00 8.845477e-01 -5.563493e-02 0.000000e+00 0.000000e+00
7.944487e+00 0.000000e+00 1.128502e+00 8.813199e-01 -5.495604e-02 0.000000e+00 0.000000e+00
7.944487e+00 7.853982e-01 1.128502e+00 8.813199e-01 -5.495604e-02 0.000000e+00 0.000000e+00
7.944487e+00 1.570796e+00 1.128502e+00 8.813199e-01 -5.495604e-02 0.000000e+00 0.000000e+00
8.151830e+00 0.000000e+00 1.125512e+00 8.781841e-01 -5.423913e-02 0.000000e+00 0.000000e+00
8.151830e+00 7.853982e-01 1.125512e+00 8.781841e-01 -5.423913e-02 0.000000e+00 0.000000e+00
8.151830e+00 1.570796e+00 1.125512e+00 8.781841e-01 -5.423913e-02 0.000000e+00 0.000000e+00
8.364146e+00 0.000000e+00 1.122609e+00 8.751414e-01 -5.349091e-02 0.000000e+00 0.000000e+00
8.364146e+00 7.853982e-01 1.122609e+00 8.751414e-01 -5.349091e-02 0.000000e+00 0.000000e+00
8.364146e+00 1.570796e+00 1.122609e+00 8.751414e-01 -5.349091e-02 0.000000e+00 0.000000e+00
8.581555e+00 0.000000e+00 1.119791e+00 8.721920e-01 -5.271861e-02 0.000000e+00 0.000000e+00
8.581555e+00 7.853982e-01 1.119791e+00 8.721920e-01 -5.271861e-02 0.000000e+00 0.000000e+00
8.581555e+00 1.570796e+00 1.119791e+00 8.721920e-01 -5.271861e-02 0.000000e+00 0.000000e+00
8.804179e+00 0.000000e+00 1.117061e+00 8.693383e-01 -5.192674e-02 0.000000e+00 0.000000e+00
8.804179e+00 7.853982e-01 1.117061e+00 8.693383e-01 -5.192674e-02 0.000000e+00 0.000000e+00
8.804179e+00 1.570796e+00 1.117061e+00 8.693383e-01 -5.192674e-02 0.000000e+00 0.000000e+00
9.032142e+00 0.000000e+00 1.114409e+00 8.665705e-01 -5.112947e-02 0.000000e+00 0.000000e+00
9.032142e+00 7.853982e-01 1.114409e+00 8.665705e-01 -5.112947e-02 0.000000e+00 0.000000e+00
9.032142e+00 1.570796e+00 1.114409e+00 8.665705e-01 -5.112947e-02 0.000000e+00 0.000000e+00
9.265573e+00 0.000000e+00 1.111874e+00 8.639288e-01 -5.029818e-02 0.000000e+00 0.000000e+00
9.265573e+00 7.853982e-01 1.111874e+00 8.639288e-01 -5.029818e-02 0.000000e+00 0.000000e+00
9.265573e+00 1.570796e+00 1.111874e+00 8.639288e-01 -5.029818e-02 0.000000e+00 0.000000e+00
9.504603e+00 0.000000e+00 1.109296e+00 8.612486e-01 -4.959310e-02 0.000000e+00 0.000000e+00
9.504603e+00 7.853982e-01 1.109296e+00 8.612486e-01 -4.959310e-02 0.000000e+00 0.000000e+00
9.504603e+00 1.570796e+00 1.109296e+00 8.612486e-01 -4.959310e-02 0.000000e+00 0.000000e+00
9.749366e+00 0.000000e+00 1.107401e+00 8.592819e-01 -4.840547e-02 0.000000e+00 0.000000e+00
9.749366e+00 7.853982e-01 1.107401e+00 8.592819e-01 -4.840547e-02 0.000000e+00 0.000000e+00
9.749366e+00 1.570796e+00 1.107401e+00 8.592819e-01 -4.840547e-02 0.000000e+00 0.000000e+00
1.000000e+01 0.000000e+00 1.103348e+00 8.550893e-01 -5.050073e-02 0.000000e+00 0.000000e+00
1.000000e+01 7.853982e-01 1.103348e+00 8.550893e-01 -5.050073e-02 0.000000e+00 0.000000e+00
1.000000e+01 1.570796e+00 1.103348e+00 8.550893e-01 -5.050073e-02 0.000000e+00 0.000000e+00
