###############PARAM###############
5.100005e+03 
101 
3 
###################################
3.000000e-01 0.000000e+00 8.998632e+00 1.838720e+01 -1.059755e+00 0.000000e+00 0.000000e+00
3.000000e-01 7.853982e-01 8.998632e+00 1.838720e+01 -1.059755e+00 0.000000e+00 0.000000e+00
3.000000e-01 1.570796e+00 8.998632e+00 1.838720e+01 -1.059755e+00 0.000000e+00 0.000000e+00
3.970000e-01 0.000000e+00 6.569686e+00 9.525436e+00 -3.372921e-01 0.000000e+00 0.000000e+00
3.970000e-01 7.853982e-01 6.569686e+00 9.525436e+00 -3.372921e-01 0.000000e+00 0.000000e+00
3.970000e-01 1.570796e+00 6.569686e+00 9.525436e+00 -3.372921e-01 0.000000e+00 0.000000e+00
4.940000e-01 0.000000e+00 5.449385e+00 6.039661e+00 -3.519680e-01 0.000000e+00 0.000000e+00
4.940000e-01 7.853982e-01 5.449385e+00 6.039661e+00 -3.519680e-01 0.000000e+00 0.000000e+00
4.940000e-01 1.570796e+00 5.449385e+00 6.039661e+00 -3.519680e-01 0.000000e+00 0.000000e+00
5.910000e-01 0.000000e+00 4.074003e+00 4.366889e+00 -3.290672e-01 0.000000e+00 0.000000e+00
5.910000e-01 7.853982e-01 4.074003e+00 4.366889e+00 -3.290672e-01 0.000000e+00 0.000000e+00
5.910000e-01 1.570796e+00 4.074003e+00 4.366889e+00 -3.290672e-01 0.000000e+00 0.000000e+00
6.880000e-01 0.000000e+00 3.160662e+00 3.505453e+00 -2.949850e-01 0.000000e+00 0.000000e+00
6.880000e-01 7.853982e-01 3.160662e+00 3.505453e+00 -2.949850e-01 0.000000e+00 0.000000e+00
6.880000e-01 1.570796e+00 3.160662e+00 3.505453e+00 -2.949850e-01 0.000000e+00 0.000000e+00
7.850000e-01 0.000000e+00 2.727196e+00 2.990800e+00 -2.601661e-01 0.000000e+00 0.000000e+00
7.850000e-01 7.853982e-01 2.727196e+00 2.990800e+00 -2.601661e-01 0.000000e+00 0.000000e+00
7.850000e-01 1.570796e+00 2.727196e+00 2.990800e+00 -2.601661e-01 0.000000e+00 0.000000e+00
8.820000e-01 0.000000e+00 2.518389e+00 2.637082e+00 -2.287441e-01 0.000000e+00 0.000000e+00
8.820000e-01 7.853982e-01 2.518389e+00 2.637082e+00 -2.287441e-01 0.000000e+00 0.000000e+00
8.820000e-01 1.570796e+00 2.518389e+00 2.637082e+00 -2.287441e-01 0.000000e+00 0.000000e+00
9.790000e-01 0.000000e+00 2.367143e+00 2.373656e+00 -2.016797e-01 0.000000e+00 0.000000e+00
9.790000e-01 7.853982e-01 2.367143e+00 2.373656e+00 -2.016797e-01 0.000000e+00 0.000000e+00
9.790000e-01 1.570796e+00 2.367143e+00 2.373656e+00 -2.016797e-01 0.000000e+00 0.000000e+00
1.076000e+00 0.000000e+00 2.225565e+00 2.170500e+00 -1.787814e-01 0.000000e+00 0.000000e+00
1.076000e+00 7.853982e-01 2.225565e+00 2.170500e+00 -1.787814e-01 0.000000e+00 0.000000e+00
1.076000e+00 1.570796e+00 2.225565e+00 2.170500e+00 -1.787814e-01 0.000000e+00 0.000000e+00
1.173000e+00 0.000000e+00 2.096641e+00 2.010514e+00 -1.594261e-01 0.000000e+00 0.000000e+00
1.173000e+00 7.853982e-01 2.096641e+00 2.010514e+00 -1.594261e-01 0.000000e+00 0.000000e+00
1.173000e+00 1.570796e+00 2.096641e+00 2.010514e+00 -1.594261e-01 0.000000e+00 0.000000e+00
1.270000e+00 0.000000e+00 1.988054e+00 1.882000e+00 -1.429798e-01 0.000000e+00 0.000000e+00
1.270000e+00 7.853982e-01 1.988054e+00 1.882000e+00 -1.429798e-01 0.000000e+00 0.000000e+00
1.270000e+00 1.570796e+00 1.988054e+00 1.882000e+00 -1.429798e-01 0.000000e+00 0.000000e+00
1.367000e+00 0.000000e+00 1.900153e+00 1.776685e+00 -1.289081e-01 0.000000e+00 0.000000e+00
1.367000e+00 7.853982e-01 1.900153e+00 1.776685e+00 -1.289081e-01 0.000000e+00 0.000000e+00
1.367000e+00 1.570796e+00 1.900153e+00 1.776685e+00 -1.289081e-01 0.000000e+00 0.000000e+00
1.464000e+00 0.000000e+00 1.828628e+00 1.688805e+00 -1.167857e-01 0.000000e+00 0.000000e+00
1.464000e+00 7.853982e-01 1.828628e+00 1.688805e+00 -1.167857e-01 0.000000e+00 0.000000e+00
1.464000e+00 1.570796e+00 1.828628e+00 1.688805e+00 -1.167857e-01 0.000000e+00 0.000000e+00
1.561000e+00 0.000000e+00 1.768658e+00 1.614356e+00 -1.062754e-01 0.000000e+00 0.000000e+00
1.561000e+00 7.853982e-01 1.768658e+00 1.614356e+00 -1.062754e-01 0.000000e+00 0.000000e+00
1.561000e+00 1.570796e+00 1.768658e+00 1.614356e+00 -1.062754e-01 0.000000e+00 0.000000e+00
1.658000e+00 0.000000e+00 1.716798e+00 1.550505e+00 -9.710824e-02 0.000000e+00 0.000000e+00
1.658000e+00 7.853982e-01 1.716798e+00 1.550505e+00 -9.710824e-02 0.000000e+00 0.000000e+00
1.658000e+00 1.570796e+00 1.716798e+00 1.550505e+00 -9.710824e-02 0.000000e+00 0.000000e+00
1.755000e+00 0.000000e+00 1.671059e+00 1.495183e+00 -8.906797e-02 0.000000e+00 0.000000e+00
1.755000e+00 7.853982e-01 1.671059e+00 1.495183e+00 -8.906797e-02 0.000000e+00 0.000000e+00
1.755000e+00 1.570796e+00 1.671059e+00 1.495183e+00 -8.906797e-02 0.000000e+00 0.000000e+00
1.852000e+00 0.000000e+00 1.630366e+00 1.446827e+00 -8.197910e-02 0.000000e+00 0.000000e+00
1.852000e+00 7.853982e-01 1.630366e+00 1.446827e+00 -8.197910e-02 0.000000e+00 0.000000e+00
1.852000e+00 1.570796e+00 1.630366e+00 1.446827e+00 -8.197910e-02 0.000000e+00 0.000000e+00
1.949000e+00 0.000000e+00 1.594048e+00 1.404226e+00 -7.569846e-02 0.000000e+00 0.000000e+00
1.949000e+00 7.853982e-01 1.594048e+00 1.404226e+00 -7.569846e-02 0.000000e+00 0.000000e+00
1.949000e+00 1.570796e+00 1.594048e+00 1.404226e+00 -7.569846e-02 0.000000e+00 0.000000e+00
2.046000e+00 0.000000e+00 1.561568e+00 1.366430e+00 -7.010849e-02 0.000000e+00 0.000000e+00
2.046000e+00 7.853982e-01 1.561568e+00 1.366430e+00 -7.010849e-02 0.000000e+00 0.000000e+00
2.046000e+00 1.570796e+00 1.561568e+00 1.366430e+00 -7.010849e-02 0.000000e+00 0.000000e+00
2.143000e+00 0.000000e+00 1.532424e+00 1.332681e+00 -6.511206e-02 0.000000e+00 0.000000e+00
2.143000e+00 7.853982e-01 1.532424e+00 1.332681e+00 -6.511206e-02 0.000000e+00 0.000000e+00
2.143000e+00 1.570796e+00 1.532424e+00 1.332681e+00 -6.511206e-02 0.000000e+00 0.000000e+00
2.240000e+00 0.000000e+00 1.506154e+00 1.302370e+00 -6.062844e-02 0.000000e+00 0.000000e+00
2.240000e+00 7.853982e-01 1.506154e+00 1.302370e+00 -6.062844e-02 0.000000e+00 0.000000e+00
2.240000e+00 1.570796e+00 1.506154e+00 1.302370e+00 -6.062844e-02 0.000000e+00 0.000000e+00
2.337000e+00 0.000000e+00 1.482346e+00 1.275004e+00 -5.659007e-02 0.000000e+00 0.000000e+00
2.337000e+00 7.853982e-01 1.482346e+00 1.275004e+00 -5.659007e-02 0.000000e+00 0.000000e+00
2.337000e+00 1.570796e+00 1.482346e+00 1.275004e+00 -5.659007e-02 0.000000e+00 0.000000e+00
2.434000e+00 0.000000e+00 1.460656e+00 1.250179e+00 -5.294013e-02 0.000000e+00 0.000000e+00
2.434000e+00 7.853982e-01 1.460656e+00 1.250179e+00 -5.294013e-02 0.000000e+00 0.000000e+00
2.434000e+00 1.570796e+00 1.460656e+00 1.250179e+00 -5.294013e-02 0.000000e+00 0.000000e+00
2.531000e+00 0.000000e+00 1.440801e+00 1.227560e+00 -4.963054e-02 0.000000e+00 0.000000e+00
2.531000e+00 7.853982e-01 1.440801e+00 1.227560e+00 -4.963054e-02 0.000000e+00 0.000000e+00
2.531000e+00 1.570796e+00 1.440801e+00 1.227560e+00 -4.963054e-02 0.000000e+00 0.000000e+00
2.628000e+00 0.000000e+00 1.422552e+00 1.206870e+00 -4.662039e-02 0.000000e+00 0.000000e+00
2.628000e+00 7.853982e-01 1.422552e+00 1.206870e+00 -4.662039e-02 0.000000e+00 0.000000e+00
2.628000e+00 1.570796e+00 1.422552e+00 1.206870e+00 -4.662039e-02 0.000000e+00 0.000000e+00
2.725000e+00 0.000000e+00 1.405722e+00 1.187875e+00 -4.387473e-02 0.000000e+00 0.000000e+00
2.725000e+00 7.853982e-01 1.405722e+00 1.187875e+00 -4.387473e-02 0.000000e+00 0.000000e+00
2.725000e+00 1.570796e+00 1.405722e+00 1.187875e+00 -4.387473e-02 0.000000e+00 0.000000e+00
2.822000e+00 0.000000e+00 1.390154e+00 1.170377e+00 -4.136353e-02 0.000000e+00 0.000000e+00
2.822000e+00 7.853982e-01 1.390154e+00 1.170377e+00 -4.136353e-02 0.000000e+00 0.000000e+00
2.822000e+00 1.570796e+00 1.390154e+00 1.170377e+00 -4.136353e-02 0.000000e+00 0.000000e+00
2.919000e+00 0.000000e+00 1.375715e+00 1.154209e+00 -3.906091e-02 0.000000e+00 0.000000e+00
2.919000e+00 7.853982e-01 1.375715e+00 1.154209e+00 -3.906091e-02 0.000000e+00 0.000000e+00
2.919000e+00 1.570796e+00 1.375715e+00 1.154209e+00 -3.906091e-02 0.000000e+00 0.000000e+00
3.016000e+00 0.000000e+00 1.362288e+00 1.139224e+00 -3.694445e-02 0.000000e+00 0.000000e+00
3.016000e+00 7.853982e-01 1.362288e+00 1.139224e+00 -3.694445e-02 0.000000e+00 0.000000e+00
3.016000e+00 1.570796e+00 1.362288e+00 1.139224e+00 -3.694445e-02 0.000000e+00 0.000000e+00
3.113000e+00 0.000000e+00 1.349774e+00 1.125300e+00 -3.499464e-02 0.000000e+00 0.000000e+00
3.113000e+00 7.853982e-01 1.349774e+00 1.125300e+00 -3.499464e-02 0.000000e+00 0.000000e+00
3.113000e+00 1.570796e+00 1.349774e+00 1.125300e+00 -3.499464e-02 0.000000e+00 0.000000e+00
3.210000e+00 0.000000e+00 1.338082e+00 1.112329e+00 -3.319448e-02 0.000000e+00 0.000000e+00
3.210000e+00 7.853982e-01 1.338082e+00 1.112329e+00 -3.319448e-02 0.000000e+00 0.000000e+00
3.210000e+00 1.570796e+00 1.338082e+00 1.112329e+00 -3.319448e-02 0.000000e+00 0.000000e+00
3.307000e+00 0.000000e+00 1.327135e+00 1.100217e+00 -3.152906e-02 0.000000e+00 0.000000e+00
3.307000e+00 7.853982e-01 1.327135e+00 1.100217e+00 -3.152906e-02 0.000000e+00 0.000000e+00
3.307000e+00 1.570796e+00 1.327135e+00 1.100217e+00 -3.152906e-02 0.000000e+00 0.000000e+00
3.404000e+00 0.000000e+00 1.316864e+00 1.088882e+00 -2.998528e-02 0.000000e+00 0.000000e+00
3.404000e+00 7.853982e-01 1.316864e+00 1.088882e+00 -2.998528e-02 0.000000e+00 0.000000e+00
3.404000e+00 1.570796e+00 1.316864e+00 1.088882e+00 -2.998528e-02 0.000000e+00 0.000000e+00
3.501000e+00 0.000000e+00 1.307208e+00 1.078252e+00 -2.855160e-02 0.000000e+00 0.000000e+00
3.501000e+00 7.853982e-01 1.307208e+00 1.078252e+00 -2.855160e-02 0.000000e+00 0.000000e+00
3.501000e+00 1.570796e+00 1.307208e+00 1.078252e+00 -2.855160e-02 0.000000e+00 0.000000e+00
3.598000e+00 0.000000e+00 1.298114e+00 1.068264e+00 -2.721782e-02 0.000000e+00 0.000000e+00
3.598000e+00 7.853982e-01 1.298114e+00 1.068264e+00 -2.721782e-02 0.000000e+00 0.000000e+00
3.598000e+00 1.570796e+00 1.298114e+00 1.068264e+00 -2.721782e-02 0.000000e+00 0.000000e+00
3.695000e+00 0.000000e+00 1.289534e+00 1.058862e+00 -2.597487e-02 0.000000e+00 0.000000e+00
3.695000e+00 7.853982e-01 1.289534e+00 1.058862e+00 -2.597487e-02 0.000000e+00 0.000000e+00
3.695000e+00 1.570796e+00 1.289534e+00 1.058862e+00 -2.597487e-02 0.000000e+00 0.000000e+00
3.792000e+00 0.000000e+00 1.281426e+00 1.049996e+00 -2.481470e-02 0.000000e+00 0.000000e+00
3.792000e+00 7.853982e-01 1.281426e+00 1.049996e+00 -2.481470e-02 0.000000e+00 0.000000e+00
3.792000e+00 1.570796e+00 1.281426e+00 1.049996e+00 -2.481470e-02 0.000000e+00 0.000000e+00
3.889000e+00 0.000000e+00 1.273752e+00 1.041622e+00 -2.373013e-02 0.000000e+00 0.000000e+00
3.889000e+00 7.853982e-01 1.273752e+00 1.041622e+00 -2.373013e-02 0.000000e+00 0.000000e+00
3.889000e+00 1.570796e+00 1.273752e+00 1.041622e+00 -2.373013e-02 0.000000e+00 0.000000e+00
3.986000e+00 0.000000e+00 1.266478e+00 1.033701e+00 -2.271475e-02 0.000000e+00 0.000000e+00
3.986000e+00 7.853982e-01 1.266478e+00 1.033701e+00 -2.271475e-02 0.000000e+00 0.000000e+00
3.986000e+00 1.570796e+00 1.266478e+00 1.033701e+00 -2.271475e-02 0.000000e+00 0.000000e+00
4.083000e+00 0.000000e+00 1.259574e+00 1.026196e+00 -2.176280e-02 0.000000e+00 0.000000e+00
4.083000e+00 7.853982e-01 1.259574e+00 1.026196e+00 -2.176280e-02 0.000000e+00 0.000000e+00
4.083000e+00 1.570796e+00 1.259574e+00 1.026196e+00 -2.176280e-02 0.000000e+00 0.000000e+00
4.180000e+00 0.000000e+00 1.253013e+00 1.019077e+00 -2.086911e-02 0.000000e+00 0.000000e+00
4.180000e+00 7.853982e-01 1.253013e+00 1.019077e+00 -2.086911e-02 0.000000e+00 0.000000e+00
4.180000e+00 1.570796e+00 1.253013e+00 1.019077e+00 -2.086911e-02 0.000000e+00 0.000000e+00
4.277000e+00 0.000000e+00 1.246770e+00 1.012313e+00 -2.002903e-02 0.000000e+00 0.000000e+00
4.277000e+00 7.853982e-01 1.246770e+00 1.012313e+00 -2.002903e-02 0.000000e+00 0.000000e+00
4.277000e+00 1.570796e+00 1.246770e+00 1.012313e+00 -2.002903e-02 0.000000e+00 0.000000e+00
4.374000e+00 0.000000e+00 1.240822e+00 1.005881e+00 -1.923836e-02 0.000000e+00 0.000000e+00
4.374000e+00 7.853982e-01 1.240822e+00 1.005881e+00 -1.923836e-02 0.000000e+00 0.000000e+00
4.374000e+00 1.570796e+00 1.240822e+00 1.005881e+00 -1.923836e-02 0.000000e+00 0.000000e+00
4.471000e+00 0.000000e+00 1.235149e+00 9.997549e-01 -1.849331e-02 0.000000e+00 0.000000e+00
4.471000e+00 7.853982e-01 1.235149e+00 9.997549e-01 -1.849331e-02 0.000000e+00 0.000000e+00
4.471000e+00 1.570796e+00 1.235149e+00 9.997549e-01 -1.849331e-02 0.000000e+00 0.000000e+00
4.568000e+00 0.000000e+00 1.229733e+00 9.939147e-01 -1.779044e-02 0.000000e+00 0.000000e+00
4.568000e+00 7.853982e-01 1.229733e+00 9.939147e-01 -1.779044e-02 0.000000e+00 0.000000e+00
4.568000e+00 1.570796e+00 1.229733e+00 9.939147e-01 -1.779044e-02 0.000000e+00 0.000000e+00
4.665000e+00 0.000000e+00 1.224556e+00 9.883407e-01 -1.712663e-02 0.000000e+00 0.000000e+00
4.665000e+00 7.853982e-01 1.224556e+00 9.883407e-01 -1.712663e-02 0.000000e+00 0.000000e+00
4.665000e+00 1.570796e+00 1.224556e+00 9.883407e-01 -1.712663e-02 0.000000e+00 0.000000e+00
4.762000e+00 0.000000e+00 1.219603e+00 9.830151e-01 -1.649905e-02 0.000000e+00 0.000000e+00
4.762000e+00 7.853982e-01 1.219603e+00 9.830151e-01 -1.649905e-02 0.000000e+00 0.000000e+00
4.762000e+00 1.570796e+00 1.219603e+00 9.830151e-01 -1.649905e-02 0.000000e+00 0.000000e+00
4.859000e+00 0.000000e+00 1.214860e+00 9.779218e-01 -1.590511e-02 0.000000e+00 0.000000e+00
4.859000e+00 7.853982e-01 1.214860e+00 9.779218e-01 -1.590511e-02 0.000000e+00 0.000000e+00
4.859000e+00 1.570796e+00 1.214860e+00 9.779218e-01 -1.590511e-02 0.000000e+00 0.000000e+00
4.956000e+00 0.000000e+00 1.210313e+00 9.730460e-01 -1.534245e-02 0.000000e+00 0.000000e+00
4.956000e+00 7.853982e-01 1.210313e+00 9.730460e-01 -1.534245e-02 0.000000e+00 0.000000e+00
4.956000e+00 1.570796e+00 1.210313e+00 9.730460e-01 -1.534245e-02 0.000000e+00 0.000000e+00
5.053000e+00 0.000000e+00 1.205952e+00 9.683741e-01 -1.480892e-02 0.000000e+00 0.000000e+00
5.053000e+00 7.853982e-01 1.205952e+00 9.683741e-01 -1.480892e-02 0.000000e+00 0.000000e+00
5.053000e+00 1.570796e+00 1.205952e+00 9.683741e-01 -1.480892e-02 0.000000e+00 0.000000e+00
5.150000e+00 0.000000e+00 1.201764e+00 9.638937e-01 -1.430255e-02 0.000000e+00 0.000000e+00
5.150000e+00 7.853982e-01 1.201764e+00 9.638937e-01 -1.430255e-02 0.000000e+00 0.000000e+00
5.150000e+00 1.570796e+00 1.201764e+00 9.638937e-01 -1.430255e-02 0.000000e+00 0.000000e+00
5.247000e+00 0.000000e+00 1.197740e+00 9.595932e-01 -1.382153e-02 0.000000e+00 0.000000e+00
5.247000e+00 7.853982e-01 1.197740e+00 9.595932e-01 -1.382153e-02 0.000000e+00 0.000000e+00
5.247000e+00 1.570796e+00 1.197740e+00 9.595932e-01 -1.382153e-02 0.000000e+00 0.000000e+00
5.344000e+00 0.000000e+00 1.193870e+00 9.554621e-01 -1.336420e-02 0.000000e+00 0.000000e+00
5.344000e+00 7.853982e-01 1.193870e+00 9.554621e-01 -1.336420e-02 0.000000e+00 0.000000e+00
5.344000e+00 1.570796e+00 1.193870e+00 9.554621e-01 -1.336420e-02 0.000000e+00 0.000000e+00
5.441000e+00 0.000000e+00 1.190146e+00 9.514905e-01 -1.292904e-02 0.000000e+00 0.000000e+00
5.441000e+00 7.853982e-01 1.190146e+00 9.514905e-01 -1.292904e-02 0.000000e+00 0.000000e+00
5.441000e+00 1.570796e+00 1.190146e+00 9.514905e-01 -1.292904e-02 0.000000e+00 0.000000e+00
5.538000e+00 0.000000e+00 1.186559e+00 9.476696e-01 -1.251463e-02 0.000000e+00 0.000000e+00
5.538000e+00 7.853982e-01 1.186559e+00 9.476696e-01 -1.251463e-02 0.000000e+00 0.000000e+00
5.538000e+00 1.570796e+00 1.186559e+00 9.476696e-01 -1.251463e-02 0.000000e+00 0.000000e+00
5.635000e+00 0.000000e+00 1.183103e+00 9.439908e-01 -1.211969e-02 0.000000e+00 0.000000e+00
5.635000e+00 7.853982e-01 1.183103e+00 9.439908e-01 -1.211969e-02 0.000000e+00 0.000000e+00
5.635000e+00 1.570796e+00 1.183103e+00 9.439908e-01 -1.211969e-02 0.000000e+00 0.000000e+00
5.732000e+00 0.000000e+00 1.179769e+00 9.404465e-01 -1.174302e-02 0.000000e+00 0.000000e+00
5.732000e+00 7.853982e-01 1.179769e+00 9.404465e-01 -1.174302e-02 0.000000e+00 0.000000e+00
5.732000e+00 1.570796e+00 1.179769e+00 9.404465e-01 -1.174302e-02 0.000000e+00 0.000000e+00
5.829000e+00 0.000000e+00 1.176552e+00 9.370294e-01 -1.138352e-02 0.000000e+00 0.000000e+00
5.829000e+00 7.853982e-01 1.176552e+00 9.370294e-01 -1.138352e-02 0.000000e+00 0.000000e+00
5.829000e+00 1.570796e+00 1.176552e+00 9.370294e-01 -1.138352e-02 0.000000e+00 0.000000e+00
5.926000e+00 0.000000e+00 1.173446e+00 9.337328e-01 -1.104015e-02 0.000000e+00 0.000000e+00
5.926000e+00 7.853982e-01 1.173446e+00 9.337328e-01 -1.104015e-02 0.000000e+00 0.000000e+00
5.926000e+00 1.570796e+00 1.173446e+00 9.337328e-01 -1.104015e-02 0.000000e+00 0.000000e+00
6.023000e+00 0.000000e+00 1.170445e+00 9.305505e-01 -1.071198e-02 0.000000e+00 0.000000e+00
6.023000e+00 7.853982e-01 1.170445e+00 9.305505e-01 -1.071198e-02 0.000000e+00 0.000000e+00
6.023000e+00 1.570796e+00 1.170445e+00 9.305505e-01 -1.071198e-02 0.000000e+00 0.000000e+00
6.120000e+00 0.000000e+00 1.167544e+00 9.274766e-01 -1.039812e-02 0.000000e+00 0.000000e+00
6.120000e+00 7.853982e-01 1.167544e+00 9.274766e-01 -1.039812e-02 0.000000e+00 0.000000e+00
6.120000e+00 1.570796e+00 1.167544e+00 9.274766e-01 -1.039812e-02 0.000000e+00 0.000000e+00
6.217000e+00 0.000000e+00 1.164738e+00 9.245057e-01 -1.009776e-02 0.000000e+00 0.000000e+00
6.217000e+00 7.853982e-01 1.164738e+00 9.245057e-01 -1.009776e-02 0.000000e+00 0.000000e+00
6.217000e+00 1.570796e+00 1.164738e+00 9.245057e-01 -1.009776e-02 0.000000e+00 0.000000e+00
6.314000e+00 0.000000e+00 1.162022e+00 9.216327e-01 -9.810145e-03 0.000000e+00 0.000000e+00
6.314000e+00 7.853982e-01 1.162022e+00 9.216327e-01 -9.810145e-03 0.000000e+00 0.000000e+00
6.314000e+00 1.570796e+00 1.162022e+00 9.216327e-01 -9.810145e-03 0.000000e+00 0.000000e+00
6.411000e+00 0.000000e+00 1.159392e+00 9.188530e-01 -9.534560e-03 0.000000e+00 0.000000e+00
6.411000e+00 7.853982e-01 1.159392e+00 9.188530e-01 -9.534560e-03 0.000000e+00 0.000000e+00
6.411000e+00 1.570796e+00 1.159392e+00 9.188530e-01 -9.534560e-03 0.000000e+00 0.000000e+00
6.508000e+00 0.000000e+00 1.156844e+00 9.161620e-01 -9.270351e-03 0.000000e+00 0.000000e+00
6.508000e+00 7.853982e-01 1.156844e+00 9.161620e-01 -9.270351e-03 0.000000e+00 0.000000e+00
6.508000e+00 1.570796e+00 1.156844e+00 9.161620e-01 -9.270351e-03 0.000000e+00 0.000000e+00
6.605000e+00 0.000000e+00 1.154375e+00 9.135555e-01 -9.016905e-03 0.000000e+00 0.000000e+00
6.605000e+00 7.853982e-01 1.154375e+00 9.135555e-01 -9.016905e-03 0.000000e+00 0.000000e+00
6.605000e+00 1.570796e+00 1.154375e+00 9.135555e-01 -9.016905e-03 0.000000e+00 0.000000e+00
6.702000e+00 0.000000e+00 1.151980e+00 9.110297e-01 -8.773650e-03 0.000000e+00 0.000000e+00
6.702000e+00 7.853982e-01 1.151980e+00 9.110297e-01 -8.773650e-03 0.000000e+00 0.000000e+00
6.702000e+00 1.570796e+00 1.151980e+00 9.110297e-01 -8.773650e-03 0.000000e+00 0.000000e+00
6.799000e+00 0.000000e+00 1.149657e+00 9.085809e-01 -8.540051e-03 0.000000e+00 0.000000e+00
6.799000e+00 7.853982e-01 1.149657e+00 9.085809e-01 -8.540051e-03 0.000000e+00 0.000000e+00
6.799000e+00 1.570796e+00 1.149657e+00 9.085809e-01 -8.540051e-03 0.000000e+00 0.000000e+00
6.896000e+00 0.000000e+00 1.147402e+00 9.062056e-01 -8.315609e-03 0.000000e+00 0.000000e+00
6.896000e+00 7.853982e-01 1.147402e+00 9.062056e-01 -8.315609e-03 0.000000e+00 0.000000e+00
6.896000e+00 1.570796e+00 1.147402e+00 9.062056e-01 -8.315609e-03 0.000000e+00 0.000000e+00
6.993000e+00 0.000000e+00 1.145212e+00 9.039005e-01 -8.099855e-03 0.000000e+00 0.000000e+00
6.993000e+00 7.853982e-01 1.145212e+00 9.039005e-01 -8.099855e-03 0.000000e+00 0.000000e+00
6.993000e+00 1.570796e+00 1.145212e+00 9.039005e-01 -8.099855e-03 0.000000e+00 0.000000e+00
7.090000e+00 0.000000e+00 1.143085e+00 9.016627e-01 -7.892351e-03 0.000000e+00 0.000000e+00
7.090000e+00 7.853982e-01 1.143085e+00 9.016627e-01 -7.892351e-03 0.000000e+00 0.000000e+00
7.090000e+00 1.570796e+00 1.143085e+00 9.016627e-01 -7.892351e-03 0.000000e+00 0.000000e+00
7.187000e+00 0.000000e+00 1.141017e+00 8.994891e-01 -7.692686e-03 0.000000e+00 0.000000e+00
7.187000e+00 7.853982e-01 1.141017e+00 8.994891e-01 -7.692686e-03 0.000000e+00 0.000000e+00
7.187000e+00 1.570796e+00 1.141017e+00 8.994891e-01 -7.692686e-03 0.000000e+00 0.000000e+00
7.284000e+00 0.000000e+00 1.139008e+00 8.973772e-01 -7.500473e-03 0.000000e+00 0.000000e+00
7.284000e+00 7.853982e-01 1.139008e+00 8.973772e-01 -7.500473e-03 0.000000e+00 0.000000e+00
7.284000e+00 1.570796e+00 1.139008e+00 8.973772e-01 -7.500473e-03 0.000000e+00 0.000000e+00
7.381000e+00 0.000000e+00 1.137053e+00 8.953242e-01 -7.315351e-03 0.000000e+00 0.000000e+00
7.381000e+00 7.853982e-01 1.137053e+00 8.953242e-01 -7.315351e-03 0.000000e+00 0.000000e+00
7.381000e+00 1.570796e+00 1.137053e+00 8.953242e-01 -7.315351e-03 0.000000e+00 0.000000e+00
7.478000e+00 0.000000e+00 1.135151e+00 8.933279e-01 -7.136979e-03 0.000000e+00 0.000000e+00
7.478000e+00 7.853982e-01 1.135151e+00 8.933279e-01 -7.136979e-03 0.000000e+00 0.000000e+00
7.478000e+00 1.570796e+00 1.135151e+00 8.933279e-01 -7.136979e-03 0.000000e+00 0.000000e+00
7.575000e+00 0.000000e+00 1.133299e+00 8.913858e-01 -6.965036e-03 0.000000e+00 0.000000e+00
7.575000e+00 7.853982e-01 1.133299e+00 8.913858e-01 -6.965036e-03 0.000000e+00 0.000000e+00
7.575000e+00 1.570796e+00 1.133299e+00 8.913858e-01 -6.965036e-03 0.000000e+00 0.000000e+00
7.672000e+00 0.000000e+00 1.131497e+00 8.894958e-01 -6.799221e-03 0.000000e+00 0.000000e+00
7.672000e+00 7.853982e-01 1.131497e+00 8.894958e-01 -6.799221e-03 0.000000e+00 0.000000e+00
7.672000e+00 1.570796e+00 1.131497e+00 8.894958e-01 -6.799221e-03 0.000000e+00 0.000000e+00
7.769000e+00 0.000000e+00 1.129742e+00 8.876558e-01 -6.639250e-03 0.000000e+00 0.000000e+00
7.769000e+00 7.853982e-01 1.129742e+00 8.876558e-01 -6.639250e-03 0.000000e+00 0.000000e+00
7.769000e+00 1.570796e+00 1.129742e+00 8.876558e-01 -6.639250e-03 0.000000e+00 0.000000e+00
7.866000e+00 0.000000e+00 1.128031e+00 8.858639e-01 -6.484857e-03 0.000000e+00 0.000000e+00
7.866000e+00 7.853982e-01 1.128031e+00 8.858639e-01 -6.484857e-03 0.000000e+00 0.000000e+00
7.866000e+00 1.570796e+00 1.128031e+00 8.858639e-01 -6.484857e-03 0.000000e+00 0.000000e+00
7.963000e+00 0.000000e+00 1.126365e+00 8.841182e-01 -6.335787e-03 0.000000e+00 0.000000e+00
7.963000e+00 7.853982e-01 1.126365e+00 8.841182e-01 -6.335787e-03 0.000000e+00 0.000000e+00
7.963000e+00 1.570796e+00 1.126365e+00 8.841182e-01 -6.335787e-03 0.000000e+00 0.000000e+00
8.060000e+00 0.000000e+00 1.124741e+00 8.824170e-01 -6.191804e-03 0.000000e+00 0.000000e+00
8.060000e+00 7.853982e-01 1.124741e+00 8.824170e-01 -6.191804e-03 0.000000e+00 0.000000e+00
8.060000e+00 1.570796e+00 1.124741e+00 8.824170e-01 -6.191804e-03 0.000000e+00 0.000000e+00
8.157000e+00 0.000000e+00 1.123157e+00 8.807585e-01 -6.052682e-03 0.000000e+00 0.000000e+00
8.157000e+00 7.853982e-01 1.123157e+00 8.807585e-01 -6.052682e-03 0.000000e+00 0.000000e+00
8.157000e+00 1.570796e+00 1.123157e+00 8.807585e-01 -6.052682e-03 0.000000e+00 0.000000e+00
8.254000e+00 0.000000e+00 1.121613e+00 8.791413e-01 -5.918208e-03 0.000000e+00 0.000000e+00
8.254000e+00 7.853982e-01 1.121613e+00 8.791413e-01 -5.918208e-03 0.000000e+00 0.000000e+00
8.254000e+00 1.570796e+00 1.121613e+00 8.791413e-01 -5.918208e-03 0.000000e+00 0.000000e+00
8.351000e+00 0.000000e+00 1.120108e+00 8.775637e-01 -5.788182e-03 0.000000e+00 0.000000e+00
8.351000e+00 7.853982e-01 1.120108e+00 8.775637e-01 -5.788182e-03 0.000000e+00 0.000000e+00
8.351000e+00 1.570796e+00 1.120108e+00 8.775637e-01 -5.788182e-03 0.000000e+00 0.000000e+00
8.448000e+00 0.000000e+00 1.118641e+00 8.760243e-01 -5.662412e-03 0.000000e+00 0.000000e+00
8.448000e+00 7.853982e-01 1.118641e+00 8.760243e-01 -5.662412e-03 0.000000e+00 0.000000e+00
8.448000e+00 1.570796e+00 1.118641e+00 8.760243e-01 -5.662412e-03 0.000000e+00 0.000000e+00
8.545000e+00 0.000000e+00 1.117212e+00 8.745218e-01 -5.540718e-03 0.000000e+00 0.000000e+00
8.545000e+00 7.853982e-01 1.117212e+00 8.745218e-01 -5.540718e-03 0.000000e+00 0.000000e+00
8.545000e+00 1.570796e+00 1.117212e+00 8.745218e-01 -5.540718e-03 0.000000e+00 0.000000e+00
8.642000e+00 0.000000e+00 1.115821e+00 8.730549e-01 -5.422929e-03 0.000000e+00 0.000000e+00
8.642000e+00 7.853982e-01 1.115821e+00 8.730549e-01 -5.422929e-03 0.000000e+00 0.000000e+00
8.642000e+00 1.570796e+00 1.115821e+00 8.730549e-01 -5.422929e-03 0.000000e+00 0.000000e+00
8.739000e+00 0.000000e+00 1.114468e+00 8.716222e-01 -5.308884e-03 0.000000e+00 0.000000e+00
8.739000e+00 7.853982e-01 1.114468e+00 8.716222e-01 -5.308884e-03 0.000000e+00 0.000000e+00
8.739000e+00 1.570796e+00 1.114468e+00 8.716222e-01 -5.308884e-03 0.000000e+00 0.000000e+00
8.836000e+00 0.000000e+00 1.113156e+00 8.702227e-01 -5.198428e-03 0.000000e+00 0.000000e+00
8.836000e+00 7.853982e-01 1.113156e+00 8.702227e-01 -5.198428e-03 0.000000e+00 0.000000e+00
8.836000e+00 1.570796e+00 1.113156e+00 8.702227e-01 -5.198428e-03 0.000000e+00 0.000000e+00
8.933000e+00 0.000000e+00 1.111886e+00 8.688551e-01 -5.091416e-03 0.000000e+00 0.000000e+00
8.933000e+00 7.853982e-01 1.111886e+00 8.688551e-01 -5.091416e-03 0.000000e+00 0.000000e+00
8.933000e+00 1.570796e+00 1.111886e+00 8.688551e-01 -5.091416e-03 0.000000e+00 0.000000e+00
9.030000e+00 0.000000e+00 1.110662e+00 8.675184e-01 -4.987709e-03 0.000000e+00 0.000000e+00
9.030000e+00 7.853982e-01 1.110662e+00 8.675184e-01 -4.987709e-03 0.000000e+00 0.000000e+00
9.030000e+00 1.570796e+00 1.110662e+00 8.675184e-01 -4.987709e-03 0.000000e+00 0.000000e+00
9.127000e+00 0.000000e+00 1.109491e+00 8.662114e-01 -4.887173e-03 0.000000e+00 0.000000e+00
9.127000e+00 7.853982e-01 1.109491e+00 8.662114e-01 -4.887173e-03 0.000000e+00 0.000000e+00
9.127000e+00 1.570796e+00 1.109491e+00 8.662114e-01 -4.887173e-03 0.000000e+00 0.000000e+00
9.224000e+00 0.000000e+00 1.108381e+00 8.649332e-01 -4.789690e-03 0.000000e+00 0.000000e+00
9.224000e+00 7.853982e-01 1.108381e+00 8.649332e-01 -4.789690e-03 0.000000e+00 0.000000e+00
9.224000e+00 1.570796e+00 1.108381e+00 8.649332e-01 -4.789690e-03 0.000000e+00 0.000000e+00
9.321000e+00 0.000000e+00 1.107345e+00 8.636829e-01 -4.695113e-03 0.000000e+00 0.000000e+00
9.321000e+00 7.853982e-01 1.107345e+00 8.636829e-01 -4.695113e-03 0.000000e+00 0.000000e+00
9.321000e+00 1.570796e+00 1.107345e+00 8.636829e-01 -4.695113e-03 0.000000e+00 0.000000e+00
9.418000e+00 0.000000e+00 1.106400e+00 8.624593e-01 -4.603416e-03 0.000000e+00 0.000000e+00
9.418000e+00 7.853982e-01 1.106400e+00 8.624593e-01 -4.603416e-03 0.000000e+00 0.000000e+00
9.418000e+00 1.570796e+00 1.106400e+00 8.624593e-01 -4.603416e-03 0.000000e+00 0.000000e+00
9.515000e+00 0.000000e+00 1.105573e+00 8.612618e-01 -4.514018e-03 0.000000e+00 0.000000e+00
9.515000e+00 7.853982e-01 1.105573e+00 8.612618e-01 -4.514018e-03 0.000000e+00 0.000000e+00
9.515000e+00 1.570796e+00 1.105573e+00 8.612618e-01 -4.514018e-03 0.000000e+00 0.000000e+00
9.612000e+00 0.000000e+00 1.104897e+00 8.600874e-01 -4.428410e-03 0.000000e+00 0.000000e+00
9.612000e+00 7.853982e-01 1.104897e+00 8.600874e-01 -4.428410e-03 0.000000e+00 0.000000e+00
9.612000e+00 1.570796e+00 1.104897e+00 8.600874e-01 -4.428410e-03 0.000000e+00 0.000000e+00
9.709000e+00 0.000000e+00 1.104429e+00 8.589426e-01 -4.337880e-03 0.000000e+00 0.000000e+00
9.709000e+00 7.853982e-01 1.104429e+00 8.589426e-01 -4.337880e-03 0.000000e+00 0.000000e+00
9.709000e+00 1.570796e+00 1.104429e+00 8.589426e-01 -4.337880e-03 0.000000e+00 0.000000e+00
9.806000e+00 0.000000e+00 1.104198e+00 8.577852e-01 -4.271411e-03 0.000000e+00 0.000000e+00
9.806000e+00 7.853982e-01 1.104198e+00 8.577852e-01 -4.271411e-03 0.000000e+00 0.000000e+00
9.806000e+00 1.570796e+00 1.104198e+00 8.577852e-01 -4.271411e-03 0.000000e+00 0.000000e+00
9.903000e+00 0.000000e+00 1.104349e+00 8.567535e-01 -4.071174e-03 0.000000e+00 0.000000e+00
9.903000e+00 7.853982e-01 1.104349e+00 8.567535e-01 -4.071174e-03 0.000000e+00 0.000000e+00
9.903000e+00 1.570796e+00 1.104349e+00 8.567535e-01 -4.071174e-03 0.000000e+00 0.000000e+00
1.000000e+01 0.000000e+00 1.103348e+00 8.550893e-01 -5.104885e-03 0.000000e+00 0.000000e+00
1.000000e+01 7.853982e-01 1.103348e+00 8.550893e-01 -5.104885e-03 0.000000e+00 0.000000e+00
1.000000e+01 1.570796e+00 1.103348e+00 8.550893e-01 -5.104885e-03 0.000000e+00 0.000000e+00
