###############PARAM###############
2.000007e+03 
101 
3 
###################################
3.000000e-01 0.000000e+00 9.026351e+00 1.846267e+01 -1.059156e+00 0.000000e+00 0.000000e+00
3.000000e-01 7.853982e-01 9.026351e+00 1.846267e+01 -1.059156e+00 0.000000e+00 0.000000e+00
3.000000e-01 1.570796e+00 9.026351e+00 1.846267e+01 -1.059156e+00 0.000000e+00 0.000000e+00
3.970000e-01 0.000000e+00 6.591965e+00 9.572026e+00 -3.369167e-01 0.000000e+00 0.000000e+00
3.970000e-01 7.853982e-01 6.591965e+00 9.572026e+00 -3.369167e-01 0.000000e+00 0.000000e+00
3.970000e-01 1.570796e+00 6.591965e+00 9.572026e+00 -3.369167e-01 0.000000e+00 0.000000e+00
4.940000e-01 0.000000e+00 5.470835e+00 6.073857e+00 -3.513755e-01 0.000000e+00 0.000000e+00
4.940000e-01 7.853982e-01 5.470835e+00 6.073857e+00 -3.513755e-01 0.000000e+00 0.000000e+00
4.940000e-01 1.570796e+00 5.470835e+00 6.073857e+00 -3.513755e-01 0.000000e+00 0.000000e+00
5.910000e-01 0.000000e+00 4.092821e+00 4.393515e+00 -3.283608e-01 0.000000e+00 0.000000e+00
5.910000e-01 7.853982e-01 4.092821e+00 4.393515e+00 -3.283608e-01 0.000000e+00 0.000000e+00
5.910000e-01 1.570796e+00 4.092821e+00 4.393515e+00 -3.283608e-01 0.000000e+00 0.000000e+00
6.880000e-01 0.000000e+00 3.176146e+00 3.527905e+00 -2.942734e-01 0.000000e+00 0.000000e+00
6.880000e-01 7.853982e-01 3.176146e+00 3.527905e+00 -2.942734e-01 0.000000e+00 0.000000e+00
6.880000e-01 1.570796e+00 3.176146e+00 3.527905e+00 -2.942734e-01 0.000000e+00 0.000000e+00
7.850000e-01 0.000000e+00 2.740333e+00 3.010621e+00 -2.594569e-01 0.000000e+00 0.000000e+00
7.850000e-01 7.853982e-01 2.740333e+00 3.010621e+00 -2.594569e-01 0.000000e+00 0.000000e+00
7.850000e-01 1.570796e+00 2.740333e+00 3.010621e+00 -2.594569e-01 0.000000e+00 0.000000e+00
8.820000e-01 0.000000e+00 2.530560e+00 2.655103e+00 -2.280563e-01 0.000000e+00 0.000000e+00
8.820000e-01 7.853982e-01 2.530560e+00 2.655103e+00 -2.280563e-01 0.000000e+00 0.000000e+00
8.820000e-01 1.570796e+00 2.530560e+00 2.655103e+00 -2.280563e-01 0.000000e+00 0.000000e+00
9.790000e-01 0.000000e+00 2.379015e+00 2.390292e+00 -2.010138e-01 0.000000e+00 0.000000e+00
9.790000e-01 7.853982e-01 2.379015e+00 2.390292e+00 -2.010138e-01 0.000000e+00 0.000000e+00
9.790000e-01 1.570796e+00 2.379015e+00 2.390292e+00 -2.010138e-01 0.000000e+00 0.000000e+00
1.076000e+00 0.000000e+00 2.237191e+00 2.186017e+00 -1.781366e-01 0.000000e+00 0.000000e+00
1.076000e+00 7.853982e-01 2.237191e+00 2.186017e+00 -1.781366e-01 0.000000e+00 0.000000e+00
1.076000e+00 1.570796e+00 2.237191e+00 2.186017e+00 -1.781366e-01 0.000000e+00 0.000000e+00
1.173000e+00 0.000000e+00 2.107889e+00 2.025112e+00 -1.588002e-01 0.000000e+00 0.000000e+00
1.173000e+00 7.853982e-01 2.107889e+00 2.025112e+00 -1.588002e-01 0.000000e+00 0.000000e+00
1.173000e+00 1.570796e+00 2.107889e+00 2.025112e+00 -1.588002e-01 0.000000e+00 0.000000e+00
1.270000e+00 0.000000e+00 1.998858e+00 1.895838e+00 -1.423702e-01 0.000000e+00 0.000000e+00
1.270000e+00 7.853982e-01 1.998858e+00 1.895838e+00 -1.423702e-01 0.000000e+00 0.000000e+00
1.270000e+00 1.570796e+00 1.998858e+00 1.895838e+00 -1.423702e-01 0.000000e+00 0.000000e+00
1.367000e+00 0.000000e+00 1.910542e+00 1.789887e+00 -1.283124e-01 0.000000e+00 0.000000e+00
1.367000e+00 7.853982e-01 1.910542e+00 1.789887e+00 -1.283124e-01 0.000000e+00 0.000000e+00
1.367000e+00 1.570796e+00 1.910542e+00 1.789887e+00 -1.283124e-01 0.000000e+00 0.000000e+00
1.464000e+00 0.000000e+00 1.838672e+00 1.701465e+00 -1.162014e-01 0.000000e+00 0.000000e+00
1.464000e+00 7.853982e-01 1.838672e+00 1.701465e+00 -1.162014e-01 0.000000e+00 0.000000e+00
1.464000e+00 1.570796e+00 1.838672e+00 1.701465e+00 -1.162014e-01 0.000000e+00 0.000000e+00
1.561000e+00 0.000000e+00 1.778424e+00 1.626547e+00 -1.057001e-01 0.000000e+00 0.000000e+00
1.561000e+00 7.853982e-01 1.778424e+00 1.626547e+00 -1.057001e-01 0.000000e+00 0.000000e+00
1.561000e+00 1.570796e+00 1.778424e+00 1.626547e+00 -1.057001e-01 0.000000e+00 0.000000e+00
1.658000e+00 0.000000e+00 1.726331e+00 1.562285e+00 -9.653994e-02 0.000000e+00 0.000000e+00
1.658000e+00 7.853982e-01 1.726331e+00 1.562285e+00 -9.653994e-02 0.000000e+00 0.000000e+00
1.658000e+00 1.570796e+00 1.726331e+00 1.562285e+00 -9.653994e-02 0.000000e+00 0.000000e+00
1.755000e+00 0.000000e+00 1.680386e+00 1.506596e+00 -8.850477e-02 0.000000e+00 0.000000e+00
1.755000e+00 7.853982e-01 1.680386e+00 1.506596e+00 -8.850477e-02 0.000000e+00 0.000000e+00
1.755000e+00 1.570796e+00 1.680386e+00 1.506596e+00 -8.850477e-02 0.000000e+00 0.000000e+00
1.852000e+00 0.000000e+00 1.639504e+00 1.457910e+00 -8.141935e-02 0.000000e+00 0.000000e+00
1.852000e+00 7.853982e-01 1.639504e+00 1.457910e+00 -8.141935e-02 0.000000e+00 0.000000e+00
1.852000e+00 1.570796e+00 1.639504e+00 1.457910e+00 -8.141935e-02 0.000000e+00 0.000000e+00
1.949000e+00 0.000000e+00 1.603012e+00 1.415011e+00 -7.514068e-02 0.000000e+00 0.000000e+00
1.949000e+00 7.853982e-01 1.603012e+00 1.415011e+00 -7.514068e-02 0.000000e+00 0.000000e+00
1.949000e+00 1.570796e+00 1.603012e+00 1.415011e+00 -7.514068e-02 0.000000e+00 0.000000e+00
2.046000e+00 0.000000e+00 1.570368e+00 1.376942e+00 -6.955139e-02 0.000000e+00 0.000000e+00
2.046000e+00 7.853982e-01 1.570368e+00 1.376942e+00 -6.955139e-02 0.000000e+00 0.000000e+00
2.046000e+00 1.570796e+00 1.570368e+00 1.376942e+00 -6.955139e-02 0.000000e+00 0.000000e+00
2.143000e+00 0.000000e+00 1.541072e+00 1.342942e+00 -6.455451e-02 0.000000e+00 0.000000e+00
2.143000e+00 7.853982e-01 1.541072e+00 1.342942e+00 -6.455451e-02 0.000000e+00 0.000000e+00
2.143000e+00 1.570796e+00 1.541072e+00 1.342942e+00 -6.455451e-02 0.000000e+00 0.000000e+00
2.240000e+00 0.000000e+00 1.514656e+00 1.312398e+00 -6.006943e-02 0.000000e+00 0.000000e+00
2.240000e+00 7.853982e-01 1.514656e+00 1.312398e+00 -6.006943e-02 0.000000e+00 0.000000e+00
2.240000e+00 1.570796e+00 1.514656e+00 1.312398e+00 -6.006943e-02 0.000000e+00 0.000000e+00
2.337000e+00 0.000000e+00 1.490710e+00 1.284814e+00 -5.602874e-02 0.000000e+00 0.000000e+00
2.337000e+00 7.853982e-01 1.490710e+00 1.284814e+00 -5.602874e-02 0.000000e+00 0.000000e+00
2.337000e+00 1.570796e+00 1.490710e+00 1.284814e+00 -5.602874e-02 0.000000e+00 0.000000e+00
2.434000e+00 0.000000e+00 1.468888e+00 1.259783e+00 -5.237571e-02 0.000000e+00 0.000000e+00
2.434000e+00 7.853982e-01 1.468888e+00 1.259783e+00 -5.237571e-02 0.000000e+00 0.000000e+00
2.434000e+00 1.570796e+00 1.468888e+00 1.259783e+00 -5.237571e-02 0.000000e+00 0.000000e+00
2.531000e+00 0.000000e+00 1.448905e+00 1.236971e+00 -4.906236e-02 0.000000e+00 0.000000e+00
2.531000e+00 7.853982e-01 1.448905e+00 1.236971e+00 -4.906236e-02 0.000000e+00 0.000000e+00
2.531000e+00 1.570796e+00 1.448905e+00 1.236971e+00 -4.906236e-02 0.000000e+00 0.000000e+00
2.628000e+00 0.000000e+00 1.430533e+00 1.216097e+00 -4.604788e-02 0.000000e+00 0.000000e+00
2.628000e+00 7.853982e-01 1.430533e+00 1.216097e+00 -4.604788e-02 0.000000e+00 0.000000e+00
2.628000e+00 1.570796e+00 1.430533e+00 1.216097e+00 -4.604788e-02 0.000000e+00 0.000000e+00
2.725000e+00 0.000000e+00 1.413583e+00 1.196927e+00 -4.329739e-02 0.000000e+00 0.000000e+00
2.725000e+00 7.853982e-01 1.413583e+00 1.196927e+00 -4.329739e-02 0.000000e+00 0.000000e+00
2.725000e+00 1.570796e+00 1.413583e+00 1.196927e+00 -4.329739e-02 0.000000e+00 0.000000e+00
2.822000e+00 0.000000e+00 1.397898e+00 1.179261e+00 -4.078093e-02 0.000000e+00 0.000000e+00
2.822000e+00 7.853982e-01 1.397898e+00 1.179261e+00 -4.078093e-02 0.000000e+00 0.000000e+00
2.822000e+00 1.570796e+00 1.397898e+00 1.179261e+00 -4.078093e-02 0.000000e+00 0.000000e+00
2.919000e+00 0.000000e+00 1.383346e+00 1.162931e+00 -3.847268e-02 0.000000e+00 0.000000e+00
2.919000e+00 7.853982e-01 1.383346e+00 1.162931e+00 -3.847268e-02 0.000000e+00 0.000000e+00
2.919000e+00 1.570796e+00 1.383346e+00 1.162931e+00 -3.847268e-02 0.000000e+00 0.000000e+00
3.016000e+00 0.000000e+00 1.369809e+00 1.147790e+00 -3.635029e-02 0.000000e+00 0.000000e+00
3.016000e+00 7.853982e-01 1.369809e+00 1.147790e+00 -3.635029e-02 0.000000e+00 0.000000e+00
3.016000e+00 1.570796e+00 1.369809e+00 1.147790e+00 -3.635029e-02 0.000000e+00 0.000000e+00
3.113000e+00 0.000000e+00 1.357185e+00 1.133715e+00 -3.439429e-02 0.000000e+00 0.000000e+00
3.113000e+00 7.853982e-01 1.357185e+00 1.133715e+00 -3.439429e-02 0.000000e+00 0.000000e+00
3.113000e+00 1.570796e+00 1.357185e+00 1.133715e+00 -3.439429e-02 0.000000e+00 0.000000e+00
3.210000e+00 0.000000e+00 1.345387e+00 1.120597e+00 -3.258773e-02 0.000000e+00 0.000000e+00
3.210000e+00 7.853982e-01 1.345387e+00 1.120597e+00 -3.258773e-02 0.000000e+00 0.000000e+00
3.210000e+00 1.570796e+00 1.345387e+00 1.120597e+00 -3.258773e-02 0.000000e+00 0.000000e+00
3.307000e+00 0.000000e+00 1.334334e+00 1.108341e+00 -3.091576e-02 0.000000e+00 0.000000e+00
3.307000e+00 7.853982e-01 1.334334e+00 1.108341e+00 -3.091576e-02 0.000000e+00 0.000000e+00
3.307000e+00 1.570796e+00 1.334334e+00 1.108341e+00 -3.091576e-02 0.000000e+00 0.000000e+00
3.404000e+00 0.000000e+00 1.323959e+00 1.096866e+00 -2.936531e-02 0.000000e+00 0.000000e+00
3.404000e+00 7.853982e-01 1.323959e+00 1.096866e+00 -2.936531e-02 0.000000e+00 0.000000e+00
3.404000e+00 1.570796e+00 1.323959e+00 1.096866e+00 -2.936531e-02 0.000000e+00 0.000000e+00
3.501000e+00 0.000000e+00 1.314200e+00 1.086098e+00 -2.792489e-02 0.000000e+00 0.000000e+00
3.501000e+00 7.853982e-01 1.314200e+00 1.086098e+00 -2.792489e-02 0.000000e+00 0.000000e+00
3.501000e+00 1.570796e+00 1.314200e+00 1.086098e+00 -2.792489e-02 0.000000e+00 0.000000e+00
3.598000e+00 0.000000e+00 1.305003e+00 1.075975e+00 -2.658430e-02 0.000000e+00 0.000000e+00
3.598000e+00 7.853982e-01 1.305003e+00 1.075975e+00 -2.658430e-02 0.000000e+00 0.000000e+00
3.598000e+00 1.570796e+00 1.305003e+00 1.075975e+00 -2.658430e-02 0.000000e+00 0.000000e+00
3.695000e+00 0.000000e+00 1.296321e+00 1.066440e+00 -2.533454e-02 0.000000e+00 0.000000e+00
3.695000e+00 7.853982e-01 1.296321e+00 1.066440e+00 -2.533454e-02 0.000000e+00 0.000000e+00
3.695000e+00 1.570796e+00 1.296321e+00 1.066440e+00 -2.533454e-02 0.000000e+00 0.000000e+00
3.792000e+00 0.000000e+00 1.288111e+00 1.057443e+00 -2.416757e-02 0.000000e+00 0.000000e+00
3.792000e+00 7.853982e-01 1.288111e+00 1.057443e+00 -2.416757e-02 0.000000e+00 0.000000e+00
3.792000e+00 1.570796e+00 1.288111e+00 1.057443e+00 -2.416757e-02 0.000000e+00 0.000000e+00
3.889000e+00 0.000000e+00 1.280335e+00 1.048940e+00 -2.307624e-02 0.000000e+00 0.000000e+00
3.889000e+00 7.853982e-01 1.280335e+00 1.048940e+00 -2.307624e-02 0.000000e+00 0.000000e+00
3.889000e+00 1.570796e+00 1.280335e+00 1.048940e+00 -2.307624e-02 0.000000e+00 0.000000e+00
3.986000e+00 0.000000e+00 1.272961e+00 1.040891e+00 -2.205415e-02 0.000000e+00 0.000000e+00
3.986000e+00 7.853982e-01 1.272961e+00 1.040891e+00 -2.205415e-02 0.000000e+00 0.000000e+00
3.986000e+00 1.570796e+00 1.272961e+00 1.040891e+00 -2.205415e-02 0.000000e+00 0.000000e+00
4.083000e+00 0.000000e+00 1.265956e+00 1.033259e+00 -2.109556e-02 0.000000e+00 0.000000e+00
4.083000e+00 7.853982e-01 1.265956e+00 1.033259e+00 -2.109556e-02 0.000000e+00 0.000000e+00
4.083000e+00 1.570796e+00 1.265956e+00 1.033259e+00 -2.109556e-02 0.000000e+00 0.000000e+00
4.180000e+00 0.000000e+00 1.259294e+00 1.026014e+00 -2.019534e-02 0.000000e+00 0.000000e+00
4.180000e+00 7.853982e-01 1.259294e+00 1.026014e+00 -2.019534e-02 0.000000e+00 0.000000e+00
4.180000e+00 1.570796e+00 1.259294e+00 1.026014e+00 -2.019534e-02 0.000000e+00 0.000000e+00
4.277000e+00 0.000000e+00 1.252950e+00 1.019126e+00 -1.934885e-02 0.000000e+00 0.000000e+00
4.277000e+00 7.853982e-01 1.252950e+00 1.019126e+00 -1.934885e-02 0.000000e+00 0.000000e+00
4.277000e+00 1.570796e+00 1.252950e+00 1.019126e+00 -1.934885e-02 0.000000e+00 0.000000e+00
4.374000e+00 0.000000e+00 1.246902e+00 1.012569e+00 -1.855191e-02 0.000000e+00 0.000000e+00
4.374000e+00 7.853982e-01 1.246902e+00 1.012569e+00 -1.855191e-02 0.000000e+00 0.000000e+00
4.374000e+00 1.570796e+00 1.246902e+00 1.012569e+00 -1.855191e-02 0.000000e+00 0.000000e+00
4.471000e+00 0.000000e+00 1.241128e+00 1.006320e+00 -1.780074e-02 0.000000e+00 0.000000e+00
4.471000e+00 7.853982e-01 1.241128e+00 1.006320e+00 -1.780074e-02 0.000000e+00 0.000000e+00
4.471000e+00 1.570796e+00 1.241128e+00 1.006320e+00 -1.780074e-02 0.000000e+00 0.000000e+00
4.568000e+00 0.000000e+00 1.235611e+00 1.000356e+00 -1.709192e-02 0.000000e+00 0.000000e+00
4.568000e+00 7.853982e-01 1.235611e+00 1.000356e+00 -1.709192e-02 0.000000e+00 0.000000e+00
4.568000e+00 1.570796e+00 1.235611e+00 1.000356e+00 -1.709192e-02 0.000000e+00 0.000000e+00
4.665000e+00 0.000000e+00 1.230332e+00 9.946595e-01 -1.642235e-02 0.000000e+00 0.000000e+00
4.665000e+00 7.853982e-01 1.230332e+00 9.946595e-01 -1.642235e-02 0.000000e+00 0.000000e+00
4.665000e+00 1.570796e+00 1.230332e+00 9.946595e-01 -1.642235e-02 0.000000e+00 0.000000e+00
4.762000e+00 0.000000e+00 1.225278e+00 9.892117e-01 -1.578921e-02 0.000000e+00 0.000000e+00
4.762000e+00 7.853982e-01 1.225278e+00 9.892117e-01 -1.578921e-02 0.000000e+00 0.000000e+00
4.762000e+00 1.570796e+00 1.225278e+00 9.892117e-01 -1.578921e-02 0.000000e+00 0.000000e+00
4.859000e+00 0.000000e+00 1.220433e+00 9.839964e-01 -1.518991e-02 0.000000e+00 0.000000e+00
4.859000e+00 7.853982e-01 1.220433e+00 9.839964e-01 -1.518991e-02 0.000000e+00 0.000000e+00
4.859000e+00 1.570796e+00 1.220433e+00 9.839964e-01 -1.518991e-02 0.000000e+00 0.000000e+00
4.956000e+00 0.000000e+00 1.215785e+00 9.789988e-01 -1.462213e-02 0.000000e+00 0.000000e+00
4.956000e+00 7.853982e-01 1.215785e+00 9.789988e-01 -1.462213e-02 0.000000e+00 0.000000e+00
4.956000e+00 1.570796e+00 1.215785e+00 9.789988e-01 -1.462213e-02 0.000000e+00 0.000000e+00
5.053000e+00 0.000000e+00 1.211321e+00 9.742053e-01 -1.408370e-02 0.000000e+00 0.000000e+00
5.053000e+00 7.853982e-01 1.211321e+00 9.742053e-01 -1.408370e-02 0.000000e+00 0.000000e+00
5.053000e+00 1.570796e+00 1.211321e+00 9.742053e-01 -1.408370e-02 0.000000e+00 0.000000e+00
5.150000e+00 0.000000e+00 1.207030e+00 9.696034e-01 -1.357268e-02 0.000000e+00 0.000000e+00
5.150000e+00 7.853982e-01 1.207030e+00 9.696034e-01 -1.357268e-02 0.000000e+00 0.000000e+00
5.150000e+00 1.570796e+00 1.207030e+00 9.696034e-01 -1.357268e-02 0.000000e+00 0.000000e+00
5.247000e+00 0.000000e+00 1.202903e+00 9.651815e-01 -1.308726e-02 0.000000e+00 0.000000e+00
5.247000e+00 7.853982e-01 1.202903e+00 9.651815e-01 -1.308726e-02 0.000000e+00 0.000000e+00
5.247000e+00 1.570796e+00 1.202903e+00 9.651815e-01 -1.308726e-02 0.000000e+00 0.000000e+00
5.344000e+00 0.000000e+00 1.198930e+00 9.609291e-01 -1.262580e-02 0.000000e+00 0.000000e+00
5.344000e+00 7.853982e-01 1.198930e+00 9.609291e-01 -1.262580e-02 0.000000e+00 0.000000e+00
5.344000e+00 1.570796e+00 1.198930e+00 9.609291e-01 -1.262580e-02 0.000000e+00 0.000000e+00
5.441000e+00 0.000000e+00 1.195102e+00 9.568363e-01 -1.218676e-02 0.000000e+00 0.000000e+00
5.441000e+00 7.853982e-01 1.195102e+00 9.568363e-01 -1.218676e-02 0.000000e+00 0.000000e+00
5.441000e+00 1.570796e+00 1.195102e+00 9.568363e-01 -1.218676e-02 0.000000e+00 0.000000e+00
5.538000e+00 0.000000e+00 1.191411e+00 9.528941e-01 -1.176877e-02 0.000000e+00 0.000000e+00
5.538000e+00 7.853982e-01 1.191411e+00 9.528941e-01 -1.176877e-02 0.000000e+00 0.000000e+00
5.538000e+00 1.570796e+00 1.191411e+00 9.528941e-01 -1.176877e-02 0.000000e+00 0.000000e+00
5.635000e+00 0.000000e+00 1.187849e+00 9.490941e-01 -1.137053e-02 0.000000e+00 0.000000e+00
5.635000e+00 7.853982e-01 1.187849e+00 9.490941e-01 -1.137053e-02 0.000000e+00 0.000000e+00
5.635000e+00 1.570796e+00 1.187849e+00 9.490941e-01 -1.137053e-02 0.000000e+00 0.000000e+00
5.732000e+00 0.000000e+00 1.184411e+00 9.454286e-01 -1.099084e-02 0.000000e+00 0.000000e+00
5.732000e+00 7.853982e-01 1.184411e+00 9.454286e-01 -1.099084e-02 0.000000e+00 0.000000e+00
5.732000e+00 1.570796e+00 1.184411e+00 9.454286e-01 -1.099084e-02 0.000000e+00 0.000000e+00
5.829000e+00 0.000000e+00 1.181089e+00 9.418902e-01 -1.062862e-02 0.000000e+00 0.000000e+00
5.829000e+00 7.853982e-01 1.181089e+00 9.418902e-01 -1.062862e-02 0.000000e+00 0.000000e+00
5.829000e+00 1.570796e+00 1.181089e+00 9.418902e-01 -1.062862e-02 0.000000e+00 0.000000e+00
5.926000e+00 0.000000e+00 1.177877e+00 9.384724e-01 -1.028284e-02 0.000000e+00 0.000000e+00
5.926000e+00 7.853982e-01 1.177877e+00 9.384724e-01 -1.028284e-02 0.000000e+00 0.000000e+00
5.926000e+00 1.570796e+00 1.177877e+00 9.384724e-01 -1.028284e-02 0.000000e+00 0.000000e+00
6.023000e+00 0.000000e+00 1.174770e+00 9.351688e-01 -9.952572e-03 0.000000e+00 0.000000e+00
6.023000e+00 7.853982e-01 1.174770e+00 9.351688e-01 -9.952572e-03 0.000000e+00 0.000000e+00
6.023000e+00 1.570796e+00 1.174770e+00 9.351688e-01 -9.952572e-03 0.000000e+00 0.000000e+00
6.120000e+00 0.000000e+00 1.171762e+00 9.319737e-01 -9.636928e-03 0.000000e+00 0.000000e+00
6.120000e+00 7.853982e-01 1.171762e+00 9.319737e-01 -9.636928e-03 0.000000e+00 0.000000e+00
6.120000e+00 1.570796e+00 1.171762e+00 9.319737e-01 -9.636928e-03 0.000000e+00 0.000000e+00
6.217000e+00 0.000000e+00 1.168849e+00 9.288816e-01 -9.335101e-03 0.000000e+00 0.000000e+00
6.217000e+00 7.853982e-01 1.168849e+00 9.288816e-01 -9.335101e-03 0.000000e+00 0.000000e+00
6.217000e+00 1.570796e+00 1.168849e+00 9.288816e-01 -9.335101e-03 0.000000e+00 0.000000e+00
6.314000e+00 0.000000e+00 1.166027e+00 9.258876e-01 -9.046337e-03 0.000000e+00 0.000000e+00
6.314000e+00 7.853982e-01 1.166027e+00 9.258876e-01 -9.046337e-03 0.000000e+00 0.000000e+00
6.314000e+00 1.570796e+00 1.166027e+00 9.258876e-01 -9.046337e-03 0.000000e+00 0.000000e+00
6.411000e+00 0.000000e+00 1.163289e+00 9.229867e-01 -8.769932e-03 0.000000e+00 0.000000e+00
6.411000e+00 7.853982e-01 1.163289e+00 9.229867e-01 -8.769932e-03 0.000000e+00 0.000000e+00
6.411000e+00 1.570796e+00 1.163289e+00 9.229867e-01 -8.769932e-03 0.000000e+00 0.000000e+00
6.508000e+00 0.000000e+00 1.160634e+00 9.201747e-01 -8.505231e-03 0.000000e+00 0.000000e+00
6.508000e+00 7.853982e-01 1.160634e+00 9.201747e-01 -8.505231e-03 0.000000e+00 0.000000e+00
6.508000e+00 1.570796e+00 1.160634e+00 9.201747e-01 -8.505231e-03 0.000000e+00 0.000000e+00
6.605000e+00 0.000000e+00 1.158056e+00 9.174473e-01 -8.251623e-03 0.000000e+00 0.000000e+00
6.605000e+00 7.853982e-01 1.158056e+00 9.174473e-01 -8.251623e-03 0.000000e+00 0.000000e+00
6.605000e+00 1.570796e+00 1.158056e+00 9.174473e-01 -8.251623e-03 0.000000e+00 0.000000e+00
6.702000e+00 0.000000e+00 1.155553e+00 9.148008e-01 -8.008537e-03 0.000000e+00 0.000000e+00
6.702000e+00 7.853982e-01 1.155553e+00 9.148008e-01 -8.008537e-03 0.000000e+00 0.000000e+00
6.702000e+00 1.570796e+00 1.155553e+00 9.148008e-01 -8.008537e-03 0.000000e+00 0.000000e+00
6.799000e+00 0.000000e+00 1.153122e+00 9.122313e-01 -7.775441e-03 0.000000e+00 0.000000e+00
6.799000e+00 7.853982e-01 1.153122e+00 9.122313e-01 -7.775441e-03 0.000000e+00 0.000000e+00
6.799000e+00 1.570796e+00 1.153122e+00 9.122313e-01 -7.775441e-03 0.000000e+00 0.000000e+00
6.896000e+00 0.000000e+00 1.150758e+00 9.097356e-01 -7.551836e-03 0.000000e+00 0.000000e+00
6.896000e+00 7.853982e-01 1.150758e+00 9.097356e-01 -7.551836e-03 0.000000e+00 0.000000e+00
6.896000e+00 1.570796e+00 1.150758e+00 9.097356e-01 -7.551836e-03 0.000000e+00 0.000000e+00
6.993000e+00 0.000000e+00 1.148459e+00 9.073104e-01 -7.337256e-03 0.000000e+00 0.000000e+00
6.993000e+00 7.853982e-01 1.148459e+00 9.073104e-01 -7.337256e-03 0.000000e+00 0.000000e+00
6.993000e+00 1.570796e+00 1.148459e+00 9.073104e-01 -7.337256e-03 0.000000e+00 0.000000e+00
7.090000e+00 0.000000e+00 1.146223e+00 9.049526e-01 -7.131262e-03 0.000000e+00 0.000000e+00
7.090000e+00 7.853982e-01 1.146223e+00 9.049526e-01 -7.131262e-03 0.000000e+00 0.000000e+00
7.090000e+00 1.570796e+00 1.146223e+00 9.049526e-01 -7.131262e-03 0.000000e+00 0.000000e+00
7.187000e+00 0.000000e+00 1.144046e+00 9.026595e-01 -6.933445e-03 0.000000e+00 0.000000e+00
7.187000e+00 7.853982e-01 1.144046e+00 9.026595e-01 -6.933445e-03 0.000000e+00 0.000000e+00
7.187000e+00 1.570796e+00 1.144046e+00 9.026595e-01 -6.933445e-03 0.000000e+00 0.000000e+00
7.284000e+00 0.000000e+00 1.141927e+00 9.004283e-01 -6.743419e-03 0.000000e+00 0.000000e+00
7.284000e+00 7.853982e-01 1.141927e+00 9.004283e-01 -6.743419e-03 0.000000e+00 0.000000e+00
7.284000e+00 1.570796e+00 1.141927e+00 9.004283e-01 -6.743419e-03 0.000000e+00 0.000000e+00
7.381000e+00 0.000000e+00 1.139863e+00 8.982565e-01 -6.560822e-03 0.000000e+00 0.000000e+00
7.381000e+00 7.853982e-01 1.139863e+00 8.982565e-01 -6.560822e-03 0.000000e+00 0.000000e+00
7.381000e+00 1.570796e+00 1.139863e+00 8.982565e-01 -6.560822e-03 0.000000e+00 0.000000e+00
7.478000e+00 0.000000e+00 1.137851e+00 8.961416e-01 -6.385313e-03 0.000000e+00 0.000000e+00
7.478000e+00 7.853982e-01 1.137851e+00 8.961416e-01 -6.385313e-03 0.000000e+00 0.000000e+00
7.478000e+00 1.570796e+00 1.137851e+00 8.961416e-01 -6.385313e-03 0.000000e+00 0.000000e+00
7.575000e+00 0.000000e+00 1.135890e+00 8.940816e-01 -6.216571e-03 0.000000e+00 0.000000e+00
7.575000e+00 7.853982e-01 1.135890e+00 8.940816e-01 -6.216571e-03 0.000000e+00 0.000000e+00
7.575000e+00 1.570796e+00 1.135890e+00 8.940816e-01 -6.216571e-03 0.000000e+00 0.000000e+00
7.672000e+00 0.000000e+00 1.133978e+00 8.920741e-01 -6.054295e-03 0.000000e+00 0.000000e+00
7.672000e+00 7.853982e-01 1.133978e+00 8.920741e-01 -6.054295e-03 0.000000e+00 0.000000e+00
7.672000e+00 1.570796e+00 1.133978e+00 8.920741e-01 -6.054295e-03 0.000000e+00 0.000000e+00
7.769000e+00 0.000000e+00 1.132113e+00 8.901173e-01 -5.898201e-03 0.000000e+00 0.000000e+00
7.769000e+00 7.853982e-01 1.132113e+00 8.901173e-01 -5.898201e-03 0.000000e+00 0.000000e+00
7.769000e+00 1.570796e+00 1.132113e+00 8.901173e-01 -5.898201e-03 0.000000e+00 0.000000e+00
7.866000e+00 0.000000e+00 1.130294e+00 8.882091e-01 -5.748019e-03 0.000000e+00 0.000000e+00
7.866000e+00 7.853982e-01 1.130294e+00 8.882091e-01 -5.748019e-03 0.000000e+00 0.000000e+00
7.866000e+00 1.570796e+00 1.130294e+00 8.882091e-01 -5.748019e-03 0.000000e+00 0.000000e+00
7.963000e+00 0.000000e+00 1.128519e+00 8.863479e-01 -5.603488e-03 0.000000e+00 0.000000e+00
7.963000e+00 7.853982e-01 1.128519e+00 8.863479e-01 -5.603488e-03 0.000000e+00 0.000000e+00
7.963000e+00 1.570796e+00 1.128519e+00 8.863479e-01 -5.603488e-03 0.000000e+00 0.000000e+00
8.060000e+00 0.000000e+00 1.126787e+00 8.845318e-01 -5.464358e-03 0.000000e+00 0.000000e+00
8.060000e+00 7.853982e-01 1.126787e+00 8.845318e-01 -5.464358e-03 0.000000e+00 0.000000e+00
8.060000e+00 1.570796e+00 1.126787e+00 8.845318e-01 -5.464358e-03 0.000000e+00 0.000000e+00
8.157000e+00 0.000000e+00 1.125097e+00 8.827592e-01 -5.330390e-03 0.000000e+00 0.000000e+00
8.157000e+00 7.853982e-01 1.125097e+00 8.827592e-01 -5.330390e-03 0.000000e+00 0.000000e+00
8.157000e+00 1.570796e+00 1.125097e+00 8.827592e-01 -5.330390e-03 0.000000e+00 0.000000e+00
8.254000e+00 0.000000e+00 1.123447e+00 8.810286e-01 -5.201364e-03 0.000000e+00 0.000000e+00
8.254000e+00 7.853982e-01 1.123447e+00 8.810286e-01 -5.201364e-03 0.000000e+00 0.000000e+00
8.254000e+00 1.570796e+00 1.123447e+00 8.810286e-01 -5.201364e-03 0.000000e+00 0.000000e+00
8.351000e+00 0.000000e+00 1.121835e+00 8.793385e-01 -5.077086e-03 0.000000e+00 0.000000e+00
8.351000e+00 7.853982e-01 1.121835e+00 8.793385e-01 -5.077086e-03 0.000000e+00 0.000000e+00
8.351000e+00 1.570796e+00 1.121835e+00 8.793385e-01 -5.077086e-03 0.000000e+00 0.000000e+00
8.448000e+00 0.000000e+00 1.120260e+00 8.776875e-01 -4.957382e-03 0.000000e+00 0.000000e+00
8.448000e+00 7.853982e-01 1.120260e+00 8.776875e-01 -4.957382e-03 0.000000e+00 0.000000e+00
8.448000e+00 1.570796e+00 1.120260e+00 8.776875e-01 -4.957382e-03 0.000000e+00 0.000000e+00
8.545000e+00 0.000000e+00 1.118722e+00 8.760745e-01 -4.842091e-03 0.000000e+00 0.000000e+00
8.545000e+00 7.853982e-01 1.118722e+00 8.760745e-01 -4.842091e-03 0.000000e+00 0.000000e+00
8.545000e+00 1.570796e+00 1.118722e+00 8.760745e-01 -4.842091e-03 0.000000e+00 0.000000e+00
8.642000e+00 0.000000e+00 1.117221e+00 8.744980e-01 -4.731048e-03 0.000000e+00 0.000000e+00
8.642000e+00 7.853982e-01 1.117221e+00 8.744980e-01 -4.731048e-03 0.000000e+00 0.000000e+00
8.642000e+00 1.570796e+00 1.117221e+00 8.744980e-01 -4.731048e-03 0.000000e+00 0.000000e+00
8.739000e+00 0.000000e+00 1.115761e+00 8.729570e-01 -4.624076e-03 0.000000e+00 0.000000e+00
8.739000e+00 7.853982e-01 1.115761e+00 8.729570e-01 -4.624076e-03 0.000000e+00 0.000000e+00
8.739000e+00 1.570796e+00 1.115761e+00 8.729570e-01 -4.624076e-03 0.000000e+00 0.000000e+00
8.836000e+00 0.000000e+00 1.114346e+00 8.714502e-01 -4.521000e-03 0.000000e+00 0.000000e+00
8.836000e+00 7.853982e-01 1.114346e+00 8.714502e-01 -4.521000e-03 0.000000e+00 0.000000e+00
8.836000e+00 1.570796e+00 1.114346e+00 8.714502e-01 -4.521000e-03 0.000000e+00 0.000000e+00
8.933000e+00 0.000000e+00 1.112981e+00 8.699766e-01 -4.421647e-03 0.000000e+00 0.000000e+00
8.933000e+00 7.853982e-01 1.112981e+00 8.699766e-01 -4.421647e-03 0.000000e+00 0.000000e+00
8.933000e+00 1.570796e+00 1.112981e+00 8.699766e-01 -4.421647e-03 0.000000e+00 0.000000e+00
9.030000e+00 0.000000e+00 1.111671e+00 8.685350e-01 -4.325867e-03 0.000000e+00 0.000000e+00
9.030000e+00 7.853982e-01 1.111671e+00 8.685350e-01 -4.325867e-03 0.000000e+00 0.000000e+00
9.030000e+00 1.570796e+00 1.111671e+00 8.685350e-01 -4.325867e-03 0.000000e+00 0.000000e+00
9.127000e+00 0.000000e+00 1.110419e+00 8.671244e-01 -4.233519e-03 0.000000e+00 0.000000e+00
9.127000e+00 7.853982e-01 1.110419e+00 8.671244e-01 -4.233519e-03 0.000000e+00 0.000000e+00
9.127000e+00 1.570796e+00 1.110419e+00 8.671244e-01 -4.233519e-03 0.000000e+00 0.000000e+00
9.224000e+00 0.000000e+00 1.109226e+00 8.657439e-01 -4.144483e-03 0.000000e+00 0.000000e+00
9.224000e+00 7.853982e-01 1.109226e+00 8.657439e-01 -4.144483e-03 0.000000e+00 0.000000e+00
9.224000e+00 1.570796e+00 1.109226e+00 8.657439e-01 -4.144483e-03 0.000000e+00 0.000000e+00
9.321000e+00 0.000000e+00 1.108093e+00 8.643926e-01 -4.058614e-03 0.000000e+00 0.000000e+00
9.321000e+00 7.853982e-01 1.108093e+00 8.643926e-01 -4.058614e-03 0.000000e+00 0.000000e+00
9.321000e+00 1.570796e+00 1.108093e+00 8.643926e-01 -4.058614e-03 0.000000e+00 0.000000e+00
9.418000e+00 0.000000e+00 1.107028e+00 8.630694e-01 -3.975877e-03 0.000000e+00 0.000000e+00
9.418000e+00 7.853982e-01 1.107028e+00 8.630694e-01 -3.975877e-03 0.000000e+00 0.000000e+00
9.418000e+00 1.570796e+00 1.107028e+00 8.630694e-01 -3.975877e-03 0.000000e+00 0.000000e+00
9.515000e+00 0.000000e+00 1.106053e+00 8.617739e-01 -3.895726e-03 0.000000e+00 0.000000e+00
9.515000e+00 7.853982e-01 1.106053e+00 8.617739e-01 -3.895726e-03 0.000000e+00 0.000000e+00
9.515000e+00 1.570796e+00 1.106053e+00 8.617739e-01 -3.895726e-03 0.000000e+00 0.000000e+00
9.612000e+00 0.000000e+00 1.105215e+00 8.605032e-01 -3.819516e-03 0.000000e+00 0.000000e+00
9.612000e+00 7.853982e-01 1.105215e+00 8.605032e-01 -3.819516e-03 0.000000e+00 0.000000e+00
9.612000e+00 1.570796e+00 1.105215e+00 8.605032e-01 -3.819516e-03 0.000000e+00 0.000000e+00
9.709000e+00 0.000000e+00 1.104603e+00 8.592633e-01 -3.739391e-03 0.000000e+00 0.000000e+00
9.709000e+00 7.853982e-01 1.104603e+00 8.592633e-01 -3.739391e-03 0.000000e+00 0.000000e+00
9.709000e+00 1.570796e+00 1.104603e+00 8.592633e-01 -3.739391e-03 0.000000e+00 0.000000e+00
9.806000e+00 0.000000e+00 1.104305e+00 8.580163e-01 -3.681216e-03 0.000000e+00 0.000000e+00
9.806000e+00 7.853982e-01 1.104305e+00 8.580163e-01 -3.681216e-03 0.000000e+00 0.000000e+00
9.806000e+00 1.570796e+00 1.104305e+00 8.580163e-01 -3.681216e-03 0.000000e+00 0.000000e+00
9.903000e+00 0.000000e+00 1.104440e+00 8.568836e-01 -3.481414e-03 0.000000e+00 0.000000e+00
9.903000e+00 7.853982e-01 1.104440e+00 8.568836e-01 -3.481414e-03 0.000000e+00 0.000000e+00
9.903000e+00 1.570796e+00 1.104440e+00 8.568836e-01 -3.481414e-03 0.000000e+00 0.000000e+00
1.000000e+01 0.000000e+00 1.103348e+00 8.550893e-01 -4.611202e-03 0.000000e+00 0.000000e+00
1.000000e+01 7.853982e-01 1.103348e+00 8.550893e-01 -4.611202e-03 0.000000e+00 0.000000e+00
1.000000e+01 1.570796e+00 1.103348e+00 8.550893e-01 -4.611202e-03 0.000000e+00 0.000000e+00
